Sample	1.0	2.0	3.0	4.0	5.0	6.0	7.0	8.0	9.0	>10	>50	>100	>500	>1k	>5k	>10k+
ERR160121_1	65.43838488502051	19.476834383255124	6.42647492138837	2.512959993532162	1.215961317968544	0.6915523401155835	0.4763550999326941	0.37633143224668597	0.28210001252999817	2.0708408909389084	0.5300725272003166	0.49053840685578004	0.008703042022103582	0.002890746993194526	0.0	0.0
ERR160121_1_val_1	64.77804354523636	19.986356595419817	6.51246029725937	2.517309824801946	1.2253205192552226	0.6848093697792554	0.4816453451217597	0.3544384006088629	0.30854996237207066	2.1241626577095203	0.5502794238247801	0.4665952044603433	0.010028854150564271	0.0	0.0	0.0
ERR160121_2	70.27843239374887	17.13342022115625	5.416220391537271	2.0504216236427846	0.9828753194838311	0.6286276514118373	0.41123400342910715	0.2818837711301671	0.21067084111388007	1.7727746008566283	0.44915339984075386	0.3752685479736257	0.009017234675021305	0.0	0.0	0.0
ERR160121_2_val_2	68.65810886050741	18.103112673735538	5.690026038589309	2.142755923725517	1.0302421954162309	0.6449270659234927	0.4355819489160815	0.2931440504515052	0.24311456148321564	1.8915556332899528	0.4667982704641692	0.3911391477557657	0.00949362974174485	0.0	0.0	0.0
ERR160122_1	64.6206516922718	20.330261392228703	6.6953811909246	2.51483182323339	1.2670478556578186	0.6846722720813886	0.4136689835520925	0.3336396805543182	0.25631753136933055	2.0288027382503517	0.537438111519648	0.31728672835651833	0.0	0.0	0.0	0.0
ERR160122_1_val_1	64.06299587155841	20.89049909601247	6.735189175066274	2.507627970567107	1.2667218170101473	0.6479008255914157	0.43426228906616815	0.3441501207688155	0.26377094245743343	1.9916957196739853	0.5221416961185543	0.3330444761091168	0.0	0.0	0.0	0.0
ERR160122_2	72.27907209396223	16.516742989962996	5.008436680339061	1.9332344333240443	0.9082625888419762	0.5281408744515255	0.3545029127741865	0.23378586542780808	0.18457404004307382	1.471308174568518	0.41781773186688187	0.16412161443771373	0.0	0.0	0.0	0.0
ERR160122_2_val_2	70.36848124051714	17.758402371703326	5.310204202579496	2.0060244450857394	0.9922114149122999	0.5698513308656293	0.37705700511057727	0.2583584515748242	0.20918631597737228	1.5519253613705797	0.4366899350923352	0.16160792521065143	0.0	0.0	0.0	0.0
ERR160123_1	64.33791491035294	20.492971279345554	6.795570883483845	2.616779926629595	1.181037648241746	0.6733718597506956	0.4157408723492988	0.2913819559667688	0.2554918801360094	2.0623940185765903	0.4527886892813326	0.42455607588559086	0.0	0.0	0.0	0.0
ERR160123_1_val_1	63.64148210032814	21.12554934681194	6.813225152170924	2.650540787804123	1.1554486255879928	0.6828277130764396	0.4100165325902973	0.31082992042053037	0.2881254684262551	2.075620444505811	0.44326494935977895	0.4030689589177422	0.0	0.0	0.0	0.0
ERR160123_2	71.63397101573942	16.83350267424203	5.2454153289949055	2.0152913080446875	0.8807125354617757	0.48179527645525894	0.3193584093105005	0.23107144287231926	0.19303474694598993	1.4816396011136401	0.42259099257228977	0.2616166682471249	0.0	0.0	0.0	0.0
ERR160123_2_val_2	69.7322904289919	18.009005659875964	5.6238703875899345	2.119946580188377	0.9302439085014375	0.523304721099316	0.3256258242519502	0.23429814940381638	0.19626673896901956	1.5991977703104665	0.4333323091912703	0.27261752162648545	0.0	0.0	0.0	0.0
ERR160124_1	64.31275293909732	20.360522218616897	6.805541938764581	2.594512307296735	1.1845456037441338	0.6652137303843922	0.43897751708417393	0.3248451031480983	0.26984933631401026	1.94997943465979	0.5119364694947636	0.5796150518270734	0.001708349567962614	0.0	0.0	0.0
ERR160124_1_val_1	63.82830443114854	20.82857361114811	6.789278147630894	2.5726944703767054	1.204826552550741	0.674456683045768	0.45022259224297934	0.3189868407346319	0.262977142153309	1.9346730842998143	0.5401014054164768	0.5931156809269688	0.0017893583250108286	0.0	0.0	0.0
ERR160124_2	68.97009429393007	18.09212147610818	5.807133735772658	2.1239242000931755	0.9734887124695751	0.5731402927725794	0.3657961718982616	0.26863448973449094	0.2024692622099264	1.6611325093601206	0.4610050552143192	0.5010598004366316	0.0	0.0	0.0	0.0
ERR160124_2_val_2	67.61054078185995	18.963048919106832	5.996867295583887	2.2081898672364764	1.0127772833249347	0.5893797253984123	0.38605802319925836	0.28287313242176965	0.22679405897766103	1.7220853153471327	0.48878444861760134	0.5126011489261049	0.0	0.0	0.0	0.0
ERR160125_1	65.25662857973462	19.877495019498404	6.357159206146081	2.4643822401754374	1.1072854209395864	0.6751332147785131	0.45694374665772636	0.3438382624820457	0.26470395264189217	2.09292365135476	0.5283062253220026	0.5752004802689092	0.0	0.0	0.0	0.0
ERR160125_1_val_1	64.58113582989971	20.455693385830322	6.467230525724781	2.419649479981912	1.0995366145633603	0.6924353110570441	0.4702218466557254	0.31084368477009705	0.28805539095916766	2.094848174337812	0.5700141322421286	0.5503356239778935	0.0	0.0	0.0	0.0
ERR160125_2	70.5001674748594	17.236500786980578	5.189640859493422	2.0088403497091885	0.9654232727777488	0.5459679934094859	0.4209775524220171	0.28967689742686537	0.2305861066510922	1.6807377982911071	0.4994978980919101	0.4319830098871601	0.0	0.0	0.0	0.0
ERR160125_2_val_2	68.97248613987166	18.198950435998206	5.46351655379667	2.0220128698417628	1.024767415332355	0.5692251395467247	0.44025217637912945	0.2988890635329851	0.2589480580932782	1.7863310878723608	0.5152789651149332	0.44934209461991736	0.0	0.0	0.0	0.0
ERR160126_1	64.53669401374191	20.131315513135373	6.649982260403776	2.5474413864982575	1.1348571777665541	0.70085506808438	0.4465122975373372	0.3333924434085635	0.2915429541046145	2.024932556921889	0.49908014470186524	0.6990155195940364	0.004378664101495689	0.0	0.0	0.0
ERR160126_1_val_1	64.01632660955788	20.621092054921697	6.686027656670339	2.484810368134455	1.1653237320784513	0.6740801524436529	0.4578766962207233	0.3296344457617402	0.2968789627861615	2.0699387510300498	0.5118836141363133	0.681330482418119	0.004796473840370552	0.0	0.0	0.0
ERR160126_2	71.3675801069277	16.76171085782744	5.169513777883125	1.9215597040911168	0.8599314559036669	0.5426929163655881	0.32813686033868605	0.2832829323577193	0.21001665703348163	1.6141188017402646	0.3985204802364349	0.5429354492946707	0.0	0.0	0.0	0.0
ERR160126_2_val_2	69.46036369507699	17.91676875613538	5.432818450962237	2.0548487701474003	0.9263268377319632	0.5810831649416184	0.346430702599936	0.28044633776458355	0.21928621130513762	1.7820860693009837	0.4175656942457524	0.5798665043808677	0.0021088054070565933	0.0	0.0	0.0
ERR160127_1	65.88051762729935	20.012829037578722	6.595093976486533	2.5099254570748006	1.2031154874106074	0.6122881451713835	0.4197436770158346	0.2881202004446258	0.20967017884510145	1.6867052422076214	0.37524131785945847	0.20674965260589553	0.0	0.0	0.0	0.0
ERR160127_1_val_1	65.23891304032638	20.534742439572522	6.6979722050063595	2.522740633716484	1.2047270754651402	0.5895376997236057	0.4261783374137523	0.2864098161708873	0.22413806569413372	1.6912707081416547	0.3834038157165145	0.19996616305255743	0.0	0.0	0.0	0.0
ERR160127_2	71.163344626134	17.426387371521137	5.472442855942562	1.9661832207707273	0.8728673446289071	0.49571498997264135	0.2967919820302458	0.19520884148217896	0.17329063111128662	1.4665414905719991	0.3435493911859336	0.12767725464821858	0.0	0.0	0.0	0.0
ERR160127_2_val_2	69.69731793699137	18.306243866573492	5.733400236421153	2.0952476117685963	0.9376754588173695	0.5091562607606248	0.28189432143905463	0.21566689332439026	0.1724939613956626	1.5661023261797549	0.3572718165747699	0.12752930975377563	0.0	0.0	0.0	0.0
ERR160128_1	66.60796399823131	19.61157998235051	6.314854888453632	2.3316209558347447	1.1006300492659187	0.6026147163926391	0.38398964541726055	0.23727039555365226	0.21038739131297599	1.7637903293556263	0.4491737776911079	0.3861238701405061	0.0	0.0	0.0	0.0
ERR160128_1_val_1	65.85885823449549	20.207903384891708	6.362266687915785	2.333245515489926	1.1473668121569938	0.581882845769487	0.4024867242997357	0.2708842906742425	0.21268560388126379	1.7910854829427156	0.4602338896988827	0.3711005277835987	0.0	0.0	0.0	0.0
ERR160128_2	71.66567897567072	17.01307069872112	5.309472035783443	1.8596108500473156	0.8430560733010218	0.4570166685761468	0.30354556901387314	0.2404446408772846	0.18116381028863	1.4582577623736486	0.3981846875334967	0.2704982278133093	0.0	0.0	0.0	0.0
ERR160128_2_val_2	69.88139199360594	18.081085421357134	5.657016409486646	1.9724000159615507	0.8896653180963853	0.4925650218487389	0.34417539572871775	0.233618680432817	0.2087528268535526	1.5361144942042164	0.4077189770261081	0.29549544539815414	0.0	0.0	0.0	0.0
ERR160129_1	66.56911240439972	19.045600314961952	6.093473512356925	2.4208164260472875	1.1821946730314674	0.7789699909930261	0.49816517626657986	0.34759292440162964	0.273364261360094	1.93411751189582	0.4487588295950866	0.3920658750593559	0.01576809963113395	0.0	0.0	0.0
ERR160129_1_val_1	65.87185970472575	19.533087589591826	6.2070133198840525	2.4456044052231602	1.2179790851960903	0.7614144131038166	0.5097439112178537	0.35811670955689684	0.2777997334491762	1.9579524024518087	0.4661466025695309	0.3742434779140434	0.019038645116075663	0.0	0.0	0.0
ERR160129_2	71.8966124281139	16.69939599493228	5.017243889175801	1.931254179120265	0.911765807965062	0.5489581638776203	0.3714126701026407	0.27203622886015055	0.21076708518804702	1.50140875421547	0.340496439920416	0.2886178512490987	0.010030507279252424	0.0	0.0	0.0
ERR160129_2_val_2	70.15267680362007	17.70303827966548	5.341733560078548	2.048112438089446	1.0067164017688321	0.5725098508013015	0.4040689368964446	0.29359834412933816	0.19988547889015848	1.603119805571796	0.38401836613680596	0.27970993044973047	0.010811803902022394	0.0	0.0	0.0
ERR160130_1	64.83859932945812	19.992436380492077	6.786870656858291	2.6091160409209033	1.224523238093759	0.7139806166037732	0.44040895217231973	0.3574171119023914	0.2358997927561038	1.9398425697217268	0.4723758082213428	0.3885295027992774	0.0	0.0	0.0	0.0
ERR160130_1_val_1	64.46572091591004	20.32884376466061	6.826037005133437	2.6285557180061385	1.206819782737474	0.7032309407876821	0.4406531496779003	0.3294526907118013	0.2371021034951498	1.9533169815116977	0.49376827872424894	0.3846034688056299	0.001895199838280651	0.0	0.0	0.0
ERR160130_2	69.85480396229634	17.715843863425306	5.649119898388806	2.1313257744443614	0.9361150888942479	0.5626011781981975	0.38326781282978206	0.2578587387877349	0.20272262271992164	1.5802852200826771	0.4452479138704545	0.2808079260622442	0.0	0.0	0.0	0.0
ERR160130_2_val_2	68.30812125503961	18.63546441892037	5.874167461465664	2.2498202366743163	1.0357003503254234	0.5969851443122638	0.379437965808485	0.2781829896448015	0.2129735643073514	1.6832661128568138	0.4565652447608332	0.2893152558840767	0.0	0.0	0.0	0.0
ERR160131_1	68.4851963136797	19.03406809735915	5.8885059684746635	2.008689797878891	0.9222018629676982	0.5343536607881019	0.3508035909106238	0.23831252714016155	0.19725096097379524	1.7068142970517797	0.4099150010403757	0.2238879217350222	0.0	0.0	0.0	0.0
ERR160131_1_val_1	68.4866260531003	19.408134454490106	5.721469890925203	1.9627987175086108	0.8948698356678122	0.5168322433898929	0.3361539863738095	0.2660179873338437	0.20370981754612624	1.6569634878120045	0.37401864856469497	0.17240487728763063	0.0	0.0	0.0	0.0
ERR160131_2	81.06418445729369	12.119212711749583	3.2111938852659443	1.1164253864158145	0.509898032630924	0.29115432520372225	0.19679298197288392	0.1496186969119746	0.11240764630909925	0.9336662871783573	0.22621365618572914	0.06923193288225456	0.0	0.0	0.0	0.0
ERR160131_2_val_2	77.01471015618779	14.705388200406286	3.9109298103771875	1.3587924343622773	0.602759604192717	0.3438215668066938	0.24751736114055684	0.17917322894206197	0.12374264165073451	1.1421908857715843	0.2948471658633966	0.0761269442988449	0.0	0.0	0.0	0.0
ERR160132_1	64.66170941149673	19.5610910659141	6.268662376184861	2.688764741863771	1.233750198425934	0.7449002873967133	0.500844013280255	0.40695781283006	0.32794741068460564	2.2355658233417395	0.5948176812644956	0.7298949549868298	0.02836329189277558	0.01673093043721409	0.0	0.0
ERR160132_1_val_1	64.25933415750576	19.87140462963171	6.328292800196758	2.682906259328625	1.2509707630107314	0.7621423360783335	0.5040385597254696	0.3960897408401666	0.3140429659209903	2.257065822790296	0.6105563544122175	0.7160421454134955	0.029796826845688597	0.017316638299851618	0.0	0.0
ERR160132_2	68.98589548515915	17.64427254273017	5.54921474409007	2.1037102602118125	1.0600628218588644	0.6038581917890593	0.4408545622537978	0.30261432057598675	0.2596777030516533	1.8540331244983586	0.5123614409797642	0.6516071223238303	0.022082588648314177	0.009755091829089211	0.0	0.0
ERR160132_2_val_2	67.57879738279765	18.451081537699533	5.781483107966398	2.2047703807788612	1.1062559291239613	0.6029738203167635	0.45505030560483745	0.32989220458634755	0.28800565887205737	1.9758962779912455	0.5390199575463901	0.6514278334244497	0.024908419213264275	0.010437184078245504	0.0	0.0
ERR160133_1	66.0742276977212	19.427100523532136	6.370831804949742	2.493493786431237	1.2170330262363087	0.6762611865694832	0.3995281698361286	0.299343971000872	0.24730732720289664	1.887453627412789	0.5212775670635956	0.3861413120435589	0.0	0.0	0.0	0.0
ERR160133_1_val_1	65.24421180850798	20.00183462588947	6.507225547168083	2.563224666014529	1.2255723450888132	0.6857161833910423	0.4058834913809712	0.2925702998612248	0.23445295032458868	1.9358151784050588	0.520310991475692	0.3831819124925832	0.0	0.0	0.0	0.0
ERR160133_2	71.09044229419756	17.421769405743376	5.25848618535524	1.9600097291788319	0.8725474168268554	0.5118521179897001	0.3424228735494386	0.24308473509669115	0.18183170492525885	1.4491239130583136	0.4337353079179875	0.23469431616065617	0.0	0.0	0.0	0.0
ERR160133_2_val_2	69.32809213323439	18.536716760412684	5.580776637218422	2.0325468066472587	0.9431679148797566	0.5221881167214537	0.3819747177283901	0.23118851451362174	0.18708434398387652	1.531192241709443	0.473451654759299	0.2516201581915041	0.0	0.0	0.0	0.0
ERR160134_1	64.41204314052199	19.604254273266474	6.562930635973903	2.776891963493943	1.3071916831175647	0.7850966974122084	0.5339560363558028	0.3657022123088862	0.2785724504980877	2.2477464281344273	0.5885881571595996	0.5059051271703123	0.024803050652119053	0.006318143934723465	0.0	0.0
ERR160134_1_val_1	63.947668048844896	19.957499908819674	6.66351786636713	2.7490109725606406	1.3013866422854183	0.7562192742737215	0.5431911523289252	0.36688261732353045	0.3079174982582865	2.266839079295534	0.6082044474475407	0.49240077285412553	0.032619001748507306	0.006642717592067553	0.0	0.0
ERR160134_2	69.30860735498666	17.39589394061733	5.668730361574533	2.1784501576229554	1.0532321009442036	0.6580481931502246	0.4126938811033042	0.2934953747601301	0.249518154153951	1.820887692426983	0.5577212518028254	0.3831347476948874	0.01657101120809807	0.003015777953797488	0.0	0.0
ERR160134_2_val_2	67.58868396879922	18.433494381985714	5.978280070173106	2.2535921515487685	1.1014805232478044	0.6742602065094273	0.451007274309585	0.32781859026397886	0.22851800879405654	1.9596418194904615	0.5822838876657259	0.39850624342926816	0.019112414816160557	0.003320458966655834	0.0	0.0
ERR160135_1	56.75244912731267	23.785151781404355	9.114268131872917	3.782763380000495	1.7746410727527373	0.9521686472577919	0.5257382959152292	0.3995113207413789	0.3041828860447446	1.903355071733728	0.35926883711089286	0.3465014478530097	0.0	0.0	0.0	0.0
ERR160135_1_val_1	55.68016537974645	24.61717980338161	9.263329961352277	3.7963903395984198	1.7641556241664216	0.9616715496673216	0.563357302203211	0.41496998702321086	0.29030800287904557	1.93996168190094	0.3717678703348708	0.33674249774627235	0.0	0.0	0.0	0.0
ERR160135_2	61.67964029909917	21.886908673808193	8.093143678727069	3.056246270959672	1.4111898630801678	0.7425074374168644	0.46460114588869844	0.33213124730186794	0.24572773742359502	1.5309573148449833	0.34290436337674235	0.21404196807308618	0.0	0.0	0.0	0.0
ERR160135_2_val_2	59.504278031797185	23.13969425363361	8.605390109951106	3.2090589225022623	1.5020088240525329	0.7659828184311663	0.46891044410562893	0.35763688073536665	0.25404715910025244	1.6255700291627775	0.3293752370689077	0.23804728945920708	0.0	0.0	0.0	0.0
ERR160136_1	59.695092494911364	23.293924914692347	8.284407901831143	3.333071317786114	1.328766903139274	0.7236548129358049	0.4670407404195615	0.2953533620462742	0.2543970306970354	1.7346635499780474	0.30655407829686265	0.2830728932661451	0.0	0.0	0.0	0.0
ERR160136_1_val_1	58.868513673142175	23.985044574098325	8.40978714961566	3.246428617202928	1.3622924014671305	0.7460872104726836	0.46730292662455697	0.3167412495335958	0.2566272548458699	1.7409165657670003	0.3161910678743265	0.2820090473855975	0.0020582619700598606	0.0	0.0	0.0
ERR160136_2	64.1008773498838	21.134886745409503	7.285227350741505	2.725704520403074	1.1966964892940726	0.6384389395896368	0.43799834148135713	0.2641932717453996	0.21004905674977004	1.4942161594053132	0.2774640079191513	0.2342477673775527	0.0	0.0	0.0	0.0
ERR160136_2_val_2	62.244964281077785	22.230039023285823	7.6584609514840984	2.988689965105309	1.19698955565346	0.671870250492752	0.4090057875075565	0.27344299910363784	0.22132748954462803	1.5526718710727603	0.3118162214533719	0.24072160421884384	0.0	0.0	0.0	0.0
ERR160137_1	57.026510009631025	23.94668671438813	8.890736311677074	3.5428249249962316	1.6425927923494035	0.8387622738463795	0.4750892729479951	0.3780795809290402	0.28286734439143996	2.0952504500248748	0.44997724974722136	0.43062307507115444	0.0	0.0	0.0	0.0
ERR160137_1_val_1	56.46244056172074	24.42451411394869	8.956603595932453	3.5360938081620206	1.635856978139513	0.832961929697962	0.47726802951473235	0.38428511306682955	0.2840276102287951	2.130267670724815	0.4419624543270188	0.42983437896713356	0.0038837555692056735	0.0	0.0	0.0
ERR160137_2	62.40607247628868	21.437011183779088	7.628779050537407	2.9493437313106177	1.3123854731774938	0.7106185231807828	0.4391026139463638	0.3430205233542962	0.269886699540698	1.8184264578808844	0.34647148226243946	0.33888178474142644	0.0	0.0	0.0	0.0
ERR160137_2_val_2	60.51759903228172	22.53807404019016	8.11658537373349	3.0235935476849805	1.3857665351769863	0.7449162552888452	0.4482906851659604	0.3502073048476901	0.26095559428107257	1.8985106071013103	0.36567742151436694	0.34982360273343316	0.0	0.0	0.0	0.0
ERR160138_1	59.25500942238629	23.95643404439411	8.379320057989917	2.857662434462862	1.2444344290239633	0.7136696756946284	0.4027050561786547	0.302507520541722	0.22724006430829288	1.8299056073329028	0.507939692840956	0.32317199484576414	0.0	0.0	0.0	0.0
ERR160138_1_val_1	58.666748076734734	24.440960990773668	8.460491363898266	2.859096309365877	1.2447898112855014	0.7169861479261553	0.39587698181839276	0.2936342581099878	0.22843769862461127	1.8591765248401206	0.5022677431201236	0.33153409350253654	0.0	0.0	0.0	0.0
ERR160138_2	64.15222248834338	21.6222552547117	7.123447823483596	2.4871903113279155	1.0693514590486108	0.5903331881852856	0.3364290114498995	0.224977633534785	0.18087338030280609	1.5294565077864504	0.47701322855160644	0.20644971327399186	0.0	0.0	0.0	0.0
ERR160138_2_val_2	62.362491443278614	22.706020589509706	7.457279588155295	2.629732418510901	1.1438892282948099	0.56739551223004	0.3597668339695176	0.23520931356913916	0.19415343428161044	1.601089993206411	0.5078641340100091	0.23510751098394472	0.0	0.0	0.0	0.0
ERR160139_1	59.240645026029384	23.86849786465423	8.47576271695018	3.1938353052237014	1.3866394046563157	0.7517281833837284	0.4473503763821318	0.3177570140460411	0.2200624733550373	1.5809178294330193	0.31124850829126505	0.20555529759499366	0.0	0.0	0.0	0.0
ERR160139_1_val_1	58.44545139250247	24.453217441345817	8.632733549990053	3.2178536536675897	1.3833012126018114	0.7572939631559847	0.4366344645140135	0.3343159700944268	0.2365959092261642	1.5720441904914915	0.3317921492150223	0.1987661031951551	0.0	0.0	0.0	0.0
ERR160139_2	64.5166193680619	21.381752719556964	7.344156253761487	2.6587619207298854	1.1410308896960772	0.5666865207811506	0.3455844838605273	0.24303021721403273	0.18265929824875307	1.237055591188181	0.2775981324933704	0.10506460440767214	0.0	0.0	0.0	0.0
ERR160139_2_val_2	62.49487518255086	22.577279893316227	7.751056403089581	2.810986035831158	1.2149925754771604	0.5821728421438042	0.3620496577710039	0.280784467768679	0.20523531283144159	1.302166807370611	0.29764444277840596	0.12075637907118378	0.0	0.0	0.0	0.0
ERR160140_1	55.32222426496048	24.02324627065361	9.497239114301422	3.9043479017801155	2.013460244191305	1.035194198231897	0.6535217882450732	0.4751951520038188	0.3135258952667862	1.9729184927202685	0.3966416795046845	0.3884195750121623	0.00406542312825147	0.0	0.0	0.0
ERR160140_1_val_1	54.62722540726315	24.622866715609796	9.60930416619618	3.976914983449791	1.9687885912229597	1.048603588023304	0.6397344001136416	0.43214681923439197	0.2935608585172932	1.9839882981030448	0.40702287164486134	0.38984330062151945	0.0	0.0	0.0	0.0
ERR160140_2	60.76366391736997	21.735036772072796	8.464784139790195	3.253208441148149	1.554049450952914	0.8087100660140237	0.500967555768162	0.3596097850961076	0.2622523547428589	1.6598317777311893	0.35948731681222074	0.278398422501466	0.0	0.0	0.0	0.0
ERR160140_2_val_2	58.812532066398205	22.915331835013067	8.886544756212755	3.384652827762365	1.6024755479277637	0.8350629645275689	0.5283344120552919	0.36785236088280326	0.2876446649627323	1.7108242051476419	0.37207362675738526	0.29667073235233415	0.0	0.0	0.0	0.0
ERR160141_1	70.23000287047473	18.28578741684686	5.202389154325681	1.815465426121736	0.8450465913196842	0.488203832135847	0.3226886922764661	0.2626521596816136	0.19835223359375154	1.735519558567247	0.41858088381121794	0.1953111808451693	0.0	0.0	0.0	0.0
ERR160141_1_val_1	69.7036909839605	18.61220070839012	5.269734690572629	1.8590204776009949	0.8202603616100442	0.5116553613565303	0.3249536187267309	0.2649219389037847	0.20667948327936786	1.7753840065677902	0.4355134836177564	0.21598488541379984	0.0	0.0	0.0	0.0
ERR160141_2	78.20995769074018	14.293711731937432	3.4302487121335505	1.0892398303001303	0.5289981115326428	0.322398115584961	0.2371832712236699	0.18401820631735252	0.11546942588291487	1.2612285039541768	0.26929522975872094	0.05825117063424989	0.0	0.0	0.0	0.0
ERR160141_2_val_2	77.13506491403031	15.026636970743382	3.567099459743502	1.1649246991032025	0.5564383683051819	0.33976086245541937	0.26466450022510807	0.17004116608639994	0.12879480463632362	1.3070300668747596	0.2863720768665115	0.053172110929876296	0.0	0.0	0.0	0.0
ERR160142_1	69.42576481912396	18.58730605401607	5.397840025936622	1.931396775778597	0.8962004927492129	0.5244482329822749	0.3479429585685582	0.23745446887102817	0.2095587664227258	1.658796125353245	0.43982414810902354	0.34346713208875895	0.0	0.0	0.0	0.0
ERR160142_1_val_1	68.74035327551695	19.019659748562564	5.483343573489766	2.014173793811586	0.9106900547397606	0.5399029631448139	0.3462206186860159	0.24781759662037256	0.22096788560156777	1.6888808387159358	0.4333089442200352	0.35468070689075426	0.0	0.0	0.0	0.0
ERR160142_2	76.73522760752263	14.964863680437567	3.7891602665846063	1.2587627085658166	0.5460979150659659	0.329490027136429	0.2564197934783679	0.17700219888995064	0.1469369003494856	1.2885742460245029	0.35978157913832964	0.14768307680630682	0.0	0.0	0.0	0.0
ERR160142_2_val_2	75.50661129862333	15.78054751697657	4.02404988617431	1.28726115352953	0.5594506451687814	0.33475940173157914	0.2728132995088732	0.17921793862793794	0.15726993588208696	1.3614981425270098	0.3820128387384675	0.1545079425115468	0.0	0.0	0.0	0.0
ERR160143_1	68.4985646608573	19.161368046751022	5.636749044291676	2.1417727772701003	0.9280527905830073	0.49901148434274634	0.3688397292579598	0.2755792994300145	0.21436147254320087	1.6424769956881766	0.3631862944952748	0.2700374044894727	0.0	0.0	0.0	0.0
ERR160143_1_val_1	67.57555394409553	19.737214914205474	5.7711526730472915	2.18539739963982	0.9636098552965547	0.5285071386988113	0.3620715705371483	0.2809006151901947	0.21056134248123573	1.7430862898568629	0.356337172213169	0.28560708473788626	0.0	0.0	0.0	0.0
ERR160143_2	75.92924525950835	15.545212476590109	3.998271141084333	1.3637609841691347	0.5900445288082529	0.3544188588547474	0.2521397003665841	0.17881384659263533	0.16089822408565393	1.2259684196631613	0.3056661159794758	0.09556044429758596	0.0	0.0	0.0	0.0
ERR160143_2_val_2	74.57361085239427	16.43629135238867	4.256262191301254	1.3702056508290779	0.6486666206993082	0.3738040251198442	0.26548105557378804	0.1830474068022081	0.1692030513690374	1.2885177504437455	0.3349536689477057	0.09995637413103785	0.0	0.0	0.0	0.0
ERR160144_1	67.7433476347854	18.39601320277833	5.759450441714135	2.1756428144544553	1.1246744425424526	0.7114551677884606	0.49217079096456945	0.3598881262295877	0.2786764944007972	2.0525620850093915	0.4873643067620571	0.3731370011719002	0.03725799372455809	0.008359497673972184	0.0	0.0
ERR160144_1_val_1	66.82425565768135	18.969603049702386	5.961104132955546	2.1698868735782466	1.1591275282486369	0.7208394204242703	0.5045762190549671	0.3440429415467823	0.28502053063801047	2.125214845131793	0.5073518596342552	0.3800466261948904	0.04343717916383243	0.005493136045054973	0.0	0.0
ERR160144_2	76.50220986749889	14.463316418341481	3.757036840634082	1.4622882694535608	0.737333575133287	0.45276471373675903	0.30736303578521856	0.23719800329038315	0.18904960411588992	1.384794223557659	0.32581647601844543	0.1656975203055101	0.015131452128785399	0.0	0.0	0.0
ERR160144_2_val_2	74.85708067922752	15.465037832669523	4.033597792353303	1.5659435521268403	0.8059668553226228	0.5043705226712676	0.3186894991076957	0.2364094166841574	0.19330810669382234	1.467569465978447	0.37817464669184103	0.15773573666305554	0.016115893809920418	0.0	0.0	0.0
ERR160145_1	68.99496697274962	18.674456977286624	5.511259130806996	1.9667478814895931	0.8958825769540959	0.5645558812562951	0.38021842424179764	0.2729487656213468	0.23800938446644151	1.725781342140478	0.4292146398746062	0.3459580231120996	0.0	0.0	0.0	0.0
ERR160145_1_val_1	68.17704748374297	19.21480946837172	5.647468018214317	2.0462314979727063	0.929270090852065	0.5638005184742979	0.37943316549994704	0.27112979153524214	0.23114854069966076	1.7411300261866245	0.4355865105716074	0.36294488787873275	0.0	0.0	0.0	0.0
ERR160145_2	76.51364752259909	14.832118010416107	3.8808730968206993	1.3244017243072865	0.6063520551269542	0.4000752925323717	0.27881036910651963	0.20661091215808408	0.15541398818560823	1.2526633672257674	0.39418717407219617	0.15484648744926513	0.0	0.0	0.0	0.0
ERR160145_2_val_2	75.25635870519876	15.652727378802926	4.105377476187955	1.4068859457449516	0.6386898433254725	0.39624197766698327	0.2870385183833748	0.21685254872431237	0.1616130763949586	1.2853901584708176	0.4233948162425655	0.1694295548569605	0.0	0.0	0.0	0.0
ERR160146_1	69.78115404523393	18.428893050726636	5.329596070469732	1.8406766200692974	0.8867378532312925	0.4798242997551269	0.3496409066889589	0.2684744075715961	0.2274740482099851	1.6188732427089287	0.47032563141274586	0.3183298239217833	0.0	0.0	0.0	0.0
ERR160146_1_val_1	69.13567168700729	18.776579934640836	5.488792457371494	1.8871381153113147	0.8880563764929912	0.4871215457560903	0.36904240287359885	0.2646666269650687	0.23378254347007302	1.652770368179106	0.4725864295599586	0.34379151237214506	0.0	0.0	0.0	0.0
ERR160146_2	77.03816925929006	14.854747613678986	3.6883817813122874	1.1398828803464802	0.5849709371597865	0.3493572616910532	0.2561548606761409	0.19092326953302638	0.14166183343215694	1.2653336309990155	0.3809321903980423	0.1094844814829914	0.0	0.0	0.0	0.0
ERR160146_2_val_2	75.8336248201584	15.641462599582102	3.9050969429765434	1.1983914962200626	0.601311464413321	0.36467860098673194	0.2664455964693499	0.19009245581454595	0.15701481920489616	1.3116777008494382	0.41203707734663864	0.11816642597793471	0.0	0.0	0.0	0.0
ERR160147_1	70.42252238016339	18.49124093433708	5.33308243023677	1.8088364751899633	0.8421556169014494	0.5473230790365814	0.3148200613730436	0.2648495170605055	0.17903055012504968	1.4480444571873134	0.2688921236744665	0.07920237471438027	0.0	0.0	0.0	0.0
ERR160147_1_val_1	70.30997317859108	18.516772632211058	5.369038073215935	1.8309001828403417	0.8673191969640649	0.5200459049089066	0.3289846154480026	0.2577406107613445	0.2014050554710124	1.4418452864401625	0.26726616478102766	0.08870909836705868	0.0	0.0	0.0	0.0
ERR160147_2	77.48257642253226	14.978947037039836	3.7373360428322107	1.1717130284345556	0.5585521055745662	0.30724529483858226	0.21174580036003693	0.1584342650807186	0.14863890613276226	1.0947405685426979	0.14233412403926374	0.007736404592522468	0.0	0.0	0.0	0.0
ERR160147_2_val_2	77.4517642172598	14.960767962151508	3.7533486429580543	1.191815649907951	0.5706447587735568	0.3011781540217123	0.22592745024569533	0.1543703164319257	0.14049293807533472	1.0845452477014057	0.15608840142337532	0.009056261049674923	0.0	0.0	0.0	0.0
ERR160148_1	66.66847556689032	20.33889092923741	5.735084199089287	2.07124707926384	0.9948873403387206	0.5451397485709086	0.3758592153237328	0.2685377282753957	0.21947760177113523	1.866760763444339	0.5071675115804982	0.3667963650840365	0.0	0.01451116643921434	0.02716478469112526	0.0
ERR160148_1_val_1	65.77857339084386	20.84903163987033	5.915116862147965	2.1945606489587623	0.9754238952583939	0.5979052302695244	0.3681373920662279	0.2910583925808703	0.2075924163909681	1.9085672149370077	0.5271240197884346	0.38690889688762137	0.0	0.0	0.0	0.0
ERR160148_2	68.67105882347944	19.58500789275558	5.205124375047782	1.916081355765013	0.8337576779495608	0.4810582222014734	0.3428121053882492	0.25354668470449054	0.2044287919140722	1.7473652722409045	0.4872538803718828	0.2462376907633921	0.0028609962562183445	0.0	0.02340623116199684	0.0
ERR160148_2_val_2	68.4516420771158	19.7965279644004	5.173832053082993	1.9230222141041282	0.831264965460152	0.5106379869837514	0.31890611606059927	0.2528050780236065	0.17934467360252782	1.8163793291530155	0.4909010447159096	0.254736497297153	0.0	0.0	0.0	0.0
ERR160149_1	66.45899486172002	20.601009590856805	5.900808590623617	2.0149215994843805	0.9559824699360867	0.5257759064499633	0.3495986478494182	0.24333125896161042	0.20844332179638098	1.7426203793665804	0.48377593605345254	0.2837104939675019	0.012623590231704713	0.012083579510765703	0.0	0.20631977319168623
ERR160149_1_val_1	65.60453104554472	21.27361071334263	6.086995321531539	2.0973082812821593	1.0189226824670123	0.5524937191228857	0.35470565101289386	0.25728123659972707	0.21016352911839642	1.8055847174234751	0.45871671560612537	0.2796863869485705	0.0	0.0	0.0	0.0
ERR160149_2	69.00645499228553	19.341287284116657	5.380979978409848	1.9127836174992745	0.8043294654762895	0.46190749679582116	0.32070787432864173	0.22639665959138908	0.16104896159012816	1.576466400492265	0.4762509877153138	0.1490466187793414	0.006490870662911035	0.02039578079497036	0.0	0.15545301146166496
ERR160149_2_val_2	68.93518979161773	19.602189320032824	5.397652037521892	1.8656877338384452	0.8162613888236301	0.486261397961703	0.3154938588894114	0.2260236805362306	0.16762739302718452	1.5939193795756483	0.46819085088709733	0.12550316728820543	0.0	0.0	0.0	0.0
ERR160150_1	64.79286449939883	20.771999782125338	6.307679198028637	2.2838468549923774	1.0478162288040713	0.6241190064541714	0.430140045321578	0.292809665003047	0.24288644309813343	2.0559911106829896	0.5375745184065677	0.345652291664553	0.0053226528273000616	0.006180600692022093	0.0	0.255117102500419
ERR160150_1_val_1	63.98694250899383	21.377303511530783	6.547896627355076	2.3707062775925127	1.08523474778525	0.6372452791187079	0.4477954344039761	0.32427344415310205	0.24381319343259453	2.0951245243778587	0.5381227942194775	0.34554165703682277	0.0	0.0	0.0	0.0
ERR160150_2	66.89842681913174	19.94965800231126	5.990600108788248	2.0659911530628916	0.9092958740499476	0.5639622849050608	0.415876002878501	0.2721590331633206	0.21701377052438187	1.8390515727157632	0.5291989316438873	0.2333185287941262	0.009426676911222332	0.0	0.043857641210628455	0.06216359990905229
ERR160150_2_val_2	66.65647563487434	20.28794738881792	5.997230985071792	2.0569662479788344	0.9309251617842869	0.5539011853564729	0.3934554362976313	0.26667774933352617	0.21855143445492112	1.9070037910790747	0.5174273128103525	0.21343767214081866	0.0	0.0	0.0	0.0
ERR160151_1	66.95855217721696	20.34338464867423	5.814110129247923	1.9616891467219324	0.9257769420870199	0.49108027310291674	0.3277725249379979	0.2597634950783265	0.17929714042209208	1.738316323827023	0.5812388225596866	0.2887478756730393	0.005842310346761511	0.0	0.0	0.12442819010416108
ERR160151_1_val_1	65.82774954987573	21.102298577320376	6.029697407801103	2.110041201494331	0.9564724189995105	0.5111393640794435	0.3516812473737435	0.2603399710413743	0.1929293295059925	1.763750434914545	0.5927774728795321	0.30112302471423896	0.0	0.0	0.0	0.0
ERR160151_2	68.88393851930283	19.505431459685045	5.380174368090804	1.7990228322868271	0.812050075891229	0.4663467426144351	0.2998059199157067	0.22459072627199686	0.1622232919610773	1.6017701359333651	0.5576561630661666	0.23370287733124076	0.003329701785324621	0.021581086244321004	0.0	0.048376099619577985
ERR160151_2_val_2	68.52754246405777	19.8802425572848	5.429893270991836	1.789878868378684	0.8019924888044452	0.4508772773104257	0.32557024635942394	0.2209441490215255	0.17778716299884842	1.6231102902110293	0.5633947013800223	0.20876652320129196	0.0	0.0	0.0	0.0
ERR160152_1	66.28118584087106	19.29732171867926	5.7876063761791015	2.2260216544378	1.2319067913337656	0.7418961679961733	0.5238227303333046	0.36733637665286767	0.3104688684554892	2.273960647764869	0.4239728970493052	0.3018737213821376	0.043942620067269345	0.021177273596935255	0.0	0.1675063152006907
ERR160152_1_val_1	65.04995640898514	20.077883385249237	6.020275007301954	2.3877384247970164	1.2898590703538322	0.7769413012261236	0.5120236816931398	0.40287552732051135	0.3002216768830396	2.364916438951254	0.4580339713169991	0.29154966518068504	0.05169016767680039	0.016035273064305394	0.0	0.0
ERR160152_2	68.73990291777585	18.50313822693474	5.2746875566828955	2.0390091219364477	1.0880550377832185	0.6735050718772361	0.44277012980798397	0.31723955317648567	0.21238657296229974	2.0105536001486732	0.33719989480623574	0.228566997799403	0.0383113565247916	0.007518380473682614	0.08715558130990264	0.0
ERR160152_2_val_2	68.1122872660698	19.043638041140067	5.4274967811189745	2.019564685512994	1.1048327410232939	0.6524773477046467	0.48012362507562945	0.32302971224936006	0.23124940562919546	2.0160694511009547	0.32525117860755715	0.21598406350349172	0.04002007758277314	0.007975623681267566	0.0	0.0
ERR160153_1	61.55698956310125	23.117151600352525	7.529487447085654	2.695804914240336	1.1829162410609122	0.6497658991530194	0.40545051546027455	0.266082580133816	0.230211279152313	1.6562172008267508	0.30825481185710896	0.1709952933670436	0.0021533778870275874	0.0042007306180514795	0.0	0.2243185457039199
ERR160153_1_val_1	60.851531889693675	23.6300757271558	7.752448097803256	2.854868858730363	1.2060176190917669	0.6565089042914717	0.37729819317039504	0.2971529398915708	0.23290541943512968	1.6708537285551355	0.3118665377654226	0.15847208441610675	0.0	0.0	0.0	0.0
ERR160153_2	62.37875395036605	22.810364923589642	7.392790241630588	2.6931256131852215	1.11411693282374	0.6465449875988185	0.39486928501810353	0.2785193728149788	0.19511120251984013	1.5035441317390497	0.3227850869379689	0.14539831898507238	0.0031232399250676977	0.009757727593388235	0.0	0.11119498527257367
ERR160153_2_val_2	62.072961449267694	23.117346459069886	7.4693676944189855	2.699843033254567	1.115755051598103	0.64050650338667	0.40460460874482557	0.2820396456839801	0.20154777940295313	1.526970503632823	0.33826528099950526	0.13079199054001545	0.0	0.0	0.0	0.0
ERR160154_1	63.30062368447729	22.971287783097004	7.301456084356002	2.4528982486538005	1.0432242535593095	0.49455927066370287	0.33211506694884757	0.20941999436312814	0.1439761486712032	1.2830820951788864	0.23538260497036922	0.0772953701623617	0.0027998735038382606	0.005719772400101723	0.0	0.14615974899414436
ERR160154_1_val_1	62.343538878100134	23.65218715355185	7.565647826149177	2.5163554312038268	1.0803656095038976	0.49551694767758175	0.3439229409754073	0.2200120093886558	0.1666610613277238	1.3040117489617276	0.24290003662310453	0.06888035653692955	0.0	0.0	0.0	0.0
ERR160154_2	64.06618861606319	22.626714934800855	7.246765525665416	2.372742061979088	0.9727163803145947	0.5393485661465769	0.2839078170627488	0.21365254125657604	0.1501900606915931	1.1798204068984162	0.2301838971844345	0.03305861421126999	0.0057479153831927875	0.0	0.07896266234207794	0.0
ERR160154_2_val_2	63.73356566535474	23.043454245126526	7.275643176690862	2.374245026336309	0.916452187191508	0.5430708807641846	0.303529239682375	0.20586360438252044	0.148402037052714	1.2040989672103202	0.22031279063375891	0.03136217957425704	0.0	0.0	0.0	0.0
ERR160155_1	64.97322557161117	22.812993401005492	6.716180505231829	2.201801993191042	0.8191784950784212	0.4647259417170621	0.2755231207500732	0.18890833602610138	0.1476570499298387	1.1585425359643842	0.1422117601651343	0.01889180416904765	0.0	0.02061455770080594	0.0	0.05954492745952218
ERR160155_1_val_1	64.06212165839773	23.419033806522005	6.929759900169159	2.285545618812171	0.8382955436097832	0.47949921465045375	0.29418453568159153	0.1922625894631452	0.14485427847007465	1.1843341097118443	0.15226565962628344	0.017843084885667854	0.0	0.0	0.0	0.0
ERR160155_2	65.45355458549251	22.626718548315424	6.686547264471934	2.1315489316180796	0.8085109485548864	0.4427277170923091	0.2432337753290462	0.15852079732924715	0.13958225197245405	1.1353287074807956	0.12267657947040381	0.011390145409274924	0.0	0.03965974746364414	0.0	0.0
ERR160155_2_val_2	65.10097763780496	23.002621345381563	6.689377808019562	2.137103478886915	0.8182886363465888	0.43103124237497137	0.24757188352460238	0.1861974743276424	0.14998578154468295	1.1184297156321588	0.11304864118003917	0.005366354976275972	0.0	0.0	0.0	0.0
ERR160156_1	63.97800324022202	22.5917844071544	6.987762233405224	2.3370759389454343	1.0125626642519783	0.48577586657120386	0.2913023564712775	0.20001749587054046	0.1731230266880452	1.3362060838564516	0.21672839029907928	0.08624625549135126	0.005742032399510837	0.0	0.0	0.2976700083734942
ERR160156_1_val_1	62.981327814836675	23.378384432349264	7.289609371097565	2.400085402853621	1.0764833709235293	0.5117476431355453	0.3186954877896223	0.20789109567889152	0.19313077876410184	1.3625138507458796	0.22403271918361728	0.056098032641646284	0.0	0.0	0.0	0.0
ERR160156_2	65.1692895000888	22.186378243082086	6.673229160953154	2.212614715799747	0.9072957366624147	0.4450823138382155	0.2856016700989027	0.2022832085799638	0.13988261637442923	1.3107427638657652	0.22033603925823522	0.04862948655643782	0.0025446541660208116	0.01960675617481855	0.0	0.17648313450106062
ERR160156_2_val_2	64.63618043819947	22.809233573282985	6.710403461333428	2.275887149680123	0.8782492600475277	0.4855840041989653	0.2934502469917629	0.18358256772978865	0.16977936995721127	1.301857427417191	0.21662569514565166	0.03916680601577049	0.0	0.0	0.0	0.0
ERR160157_1	62.36414830963397	23.068646684098134	7.601515902828433	2.6919564607830195	1.1080359744442323	0.5367465445760489	0.3133458700631783	0.20905891184511793	0.16400129489712847	1.2178485653565367	0.20510914092060845	0.08328314057916415	0.0028507336801819735	0.020819284404547188	0.0	0.4126331818898047
ERR160157_1_val_1	61.42663432438743	23.89528625322739	7.938924730873836	2.817200863155059	1.1386115688635767	0.5555988419723817	0.32103949117162117	0.2091539305135327	0.1883081915215132	1.2546012833149214	0.20531554291720724	0.04932497808155975	0.0	0.0	0.0	0.0
ERR160157_2	63.31508964487947	22.918652600679913	7.344552337533246	2.570623629496681	1.0025765850432036	0.5437707427937027	0.30483389233634667	0.21247557108582735	0.15314373337176618	1.124745201034347	0.1729095664579293	0.0629219666303166	0.009744029659926174	0.024637137012340538	0.0	0.23932336198503715
ERR160157_2_val_2	62.85665011793336	23.45238414768687	7.525509852510318	2.595640660883004	1.020939332139658	0.5536971249920297	0.29578411175191416	0.22240033967900627	0.1455880638300422	1.1200916206844798	0.18333906196929328	0.027975565939961762	0.0	0.0	0.0	0.0
ERR160158_1	63.02122900215332	23.140307469928313	7.329538248650088	2.5309713373825575	1.0620700918371342	0.4925366386959092	0.33218209222570527	0.2257017675427094	0.15319901297847363	1.0975526062735488	0.261091215873734	0.12488592196758452	0.0034168350722363176	0.005089144292879116	0.0	0.22022861512572045
ERR160158_1_val_1	62.05252466471567	23.8741314876681	7.64305930310587	2.6007980378534348	1.097196092516393	0.5090963282215689	0.3605217929705063	0.20712037696386304	0.17507788182215692	1.1147884954433065	0.25815491492800074	0.10753062379110169	0.0	0.0	0.0	0.0
ERR160158_2	64.18640227744416	22.890820983439735	7.110959944405644	2.3462825039397273	0.9611160145573995	0.46608423815817274	0.28518106998628434	0.18044293370768483	0.12905387094259874	1.029640593403484	0.2580298861137367	0.05923076172518496	0.003278550139172355	0.0	0.09347637203691539	0.0
ERR160158_2_val_2	63.7197954601879	23.36750187591929	7.1591323658960455	2.378436937148515	0.9685321665300317	0.4708573772726833	0.282630812936868	0.18382507920662633	0.128294091339429	1.036451732913829	0.2568907091249481	0.047651391523898246	0.0	0.0	0.0	0.0
ERR160159_1	64.46534059897249	21.889182299700096	6.722145520074345	2.2267253093280517	1.062353601367679	0.5419978619601094	0.34069075741768295	0.21722816034013132	0.1802730676562212	1.5621590719250698	0.2931881743788856	0.1443292644929158	0.00959448325026787	0.0	0.0	0.34479182913606454
ERR160159_1_val_1	64.29606370002637	22.268252221309666	6.812207769041823	2.3025931274062197	1.0383797130702517	0.5371593914841185	0.3471992235315196	0.22731327588869804	0.18006996449511808	1.5770211622194714	0.2981050726971047	0.11563537882957906	0.0	0.0	0.0	0.0
ERR160159_2	66.77114264193162	21.08205479665422	6.076425287976441	2.054712680471109	0.879532993663818	0.5148717868637689	0.3080429812533436	0.2510704583062006	0.15018870685674002	1.3733631826621384	0.25727804305576496	0.08916233230842203	0.0070543231804632775	0.005762988680232473	0.0	0.17933679613580802
ERR160159_2_val_2	66.65257993743772	21.32073388374011	6.127369688350895	2.096526108565123	0.9138766159535426	0.4686964229185583	0.30683771615526595	0.22943838697452665	0.16894927490107856	1.4026607271086349	0.2476269490209905	0.06470428887358852	0.0	0.0	0.0	0.0
ERR160160_1	69.12061356184738	20.327476425206154	5.759283789418448	1.7712418160250605	0.7178270118143928	0.3731064658738489	0.24844934437941976	0.1495041411250397	0.13259956898259412	1.0430810951621634	0.20627583292382726	0.029853111258574372	0.0	0.0	0.03387043839953798	0.08681739758353964
ERR160160_1_val_1	68.52585794711632	20.863351540386063	5.84360834165196	1.8153272547643435	0.7403073623881431	0.37687603020902	0.2530468860089875	0.1447553615612605	0.1370232823958734	1.0699964042645957	0.20609136466406192	0.02375822458936107	0.0	0.0	0.0	0.0
ERR160160_2	71.0225329690992	19.766322690124756	5.0914949173267035	1.5213535131989353	0.6095132165359423	0.29957425853327635	0.19590045286087082	0.14659012914381941	0.1153675151824266	1.0501180226027216	0.10978235737056025	0.013846619044777497	0.0	0.02790061492978036	0.02970272404627328	0.0
ERR160160_2_val_2	70.6742954422936	20.11124070911576	5.112763850149782	1.5420297922419497	0.6314608305268729	0.2939082744361686	0.20434117159179593	0.14480806931589082	0.11149980418990404	1.064237521877003	0.10387165788236716	0.005542876378896766	0.0	0.0	0.0	0.0
ERR160161_1	67.5041047877351	20.792167668819104	5.671453154202829	1.7044705927345316	0.6661661079621166	0.3672409635529251	0.22892708788497407	0.1813470205785363	0.12737445765256572	1.133166565852093	0.18596673625362875	0.11145647449588986	0.06293611467548575	0.04086788850465797	0.0	1.222354379095584
ERR160161_1_val_1	67.58349635235815	21.860975124950894	5.883136018717013	1.7572169669094522	0.6921121451964396	0.3666215342833852	0.23443747606005277	0.19130541916519986	0.14169327876093887	1.109746245377797	0.1699821536424343	0.009277284578230068	0.0	0.0	0.0	0.0
ERR160161_2	70.1240652617779	19.848321607560628	5.04142880577361	1.5367465596567125	0.6221981607852228	0.29757787869635605	0.21082657082537215	0.13056813833950415	0.10765151012849311	0.9731354379921614	0.1132668835069416	0.090393856756184	0.04151525398243984	0.07757955171957968	0.0	0.7847245224989338
ERR160161_2_val_2	70.13536979500466	20.656908389792118	5.185248249140628	1.5552425029265562	0.6276208410905831	0.30784935873221325	0.20904388934997775	0.14021362191705672	0.10374688668303148	0.9763800286041409	0.09947964890424885	0.0028967878547277613	0.0	0.0	0.0	0.0
ERR160162_1	66.88582604301946	21.430109019599396	6.059215075103731	2.058418294547935	0.822143950573673	0.4410688782870246	0.28149695942773223	0.23452770171381834	0.14990081480790268	1.2375052677616059	0.2144985281534776	0.10638821488048698	0.0	0.0	0.02258010238819625	0.05632114973563748
ERR160162_1_val_1	66.47367165744147	21.738412440803916	6.173675696799704	2.0875210046358514	0.8119570525711316	0.450660613385023	0.31115354350667523	0.21764257058485176	0.16838144209016065	1.2517393827922567	0.2228604277232251	0.09232416766579314	0.0	0.0	0.0	0.0
ERR160162_2	69.03890182553394	20.496651294694303	5.534978042626955	1.7552290958654657	0.7219495993682045	0.3828282031250593	0.2563842811214032	0.20631207805667903	0.14996588207522324	1.1233770304275659	0.22124687993459952	0.05397545483639383	0.002928392487204464	0.004963021459784169	0.0	0.05030891838721388
ERR160162_2_val_2	68.7802938260044	20.790916244726375	5.537839673583111	1.7787321323348353	0.7105260111832041	0.3832141752124923	0.25869022591367546	0.21061285400809218	0.14509032611953493	1.1385422819606963	0.22188785235365427	0.043654396599957845	0.0	0.0	0.0	0.0
ERR160163_1	65.18012155915945	21.485478464543455	6.526157647693487	2.3720713766816215	1.0166164001916096	0.5298578789622524	0.37370018292068463	0.2583387117622245	0.17389119769033648	1.4803833588822062	0.280615794559979	0.16285928390963517	0.004602962518848258	0.0	0.0	0.15530518052416137
ERR160163_1_val_1	64.85610497269332	21.850125042615367	6.583138276306172	2.39834912887903	1.0366156835351437	0.5560863618618836	0.35024838930120233	0.2710344033813576	0.1793516174112588	1.4893491524982376	0.27587660694270416	0.15123766462522165	0.0024826999490221956	0.0	0.0	0.0
ERR160163_2	67.9025879074455	20.488383807942945	5.853787679728513	2.0360718837701177	0.7994620232971826	0.47090327957962935	0.29737775155219953	0.21511275406779123	0.1760497485508711	1.308229002681123	0.24361554765402108	0.08199544196340963	0.009168452279634299	0.016307582016567762	0.0	0.10094713747052697
ERR160163_2_val_2	67.70638001493207	20.79543016286975	5.8384756617470295	2.052013763973792	0.8026877607191936	0.45957078577304017	0.29485852792515643	0.22359692961447372	0.18145492612999442	1.322637126471032	0.2529820816173082	0.06991225822719219	0.0	0.0	0.0	0.0
ERR160164_1	63.391521260565156	21.805546281694287	7.1361747519040595	2.590960496724963	1.1947865193994018	0.6189749319108367	0.43479996267641813	0.2550581949434971	0.19287002814539383	1.6629624528206013	0.39917873469399906	0.20982594352021705	0.005595177707513065	0.0	0.0	0.10174526329368092
ERR160164_1_val_1	62.92889945507946	22.22984236069784	7.219964959562672	2.654158721263342	1.1762054788367942	0.6520099520653038	0.4172842932255934	0.25342967024326285	0.21341148834416904	1.6409188364865317	0.4129754458752839	0.19862074908903612	0.0022785892306867285	0.0	0.0	0.0
ERR160164_2	65.84263795335546	21.107044183026595	6.506326668995792	2.2468395858749672	1.0038074476859464	0.5248491260649756	0.32831803823629624	0.23100713923233074	0.15964649526236102	1.481158873954471	0.3645154489465637	0.11992358660663631	0.0048347035557846346	0.014271280272280668	0.0	0.06481946892959735
ERR160164_2_val_2	65.50675835050134	21.39937943141346	6.58908522398711	2.259025019488189	1.0179233722699443	0.5385325667026936	0.32972968934866775	0.23030152914321977	0.1679659687159818	1.4789916539918713	0.3645435808379534	0.1177636135995596	0.0	0.0	0.0	0.0
ERR160165_1	66.29626213411004	21.399528625025184	6.308542962713886	2.1165962132838936	0.9516422396361987	0.5267428354527005	0.28768306186895226	0.2660706263068424	0.16121643966600785	1.1522679328351186	0.2412363714784442	0.11053895308339114	0.005814770408032574	0.004709013486429331	0.0	0.17114782064495432
ERR160165_1_val_1	65.76370553278896	21.94493741340466	6.4310035195405275	2.162177049175466	0.9728813556169315	0.5279798946641985	0.29649367449101505	0.25256807195254644	0.15657783595676478	1.1516390723991479	0.23626603093969234	0.10102481693931761	0.002745732130869399	0.0	0.0	0.0
ERR160165_2	68.66926937200708	20.21501537239171	5.891530155630818	1.9304614181406772	0.7924209782807451	0.4505160064953148	0.2636425072375148	0.21462597315435686	0.1379926906725825	1.0140240061085957	0.21281196898510799	0.0635554409950213	0.011060728352592584	0.025541821384396698	0.0	0.10753156016359688
ERR160165_2_val_2	68.2425934134055	20.67791782405235	5.981949190085949	1.971935975723679	0.7696985643616229	0.46554420858553186	0.2631874706225409	0.1998891044145284	0.15459544439126713	1.018571020220187	0.19851005935690152	0.05275997024119011	0.0028477545388226736	0.0	0.0	0.0
ERR160166_1	68.97705852666458	20.816793308570066	5.496447658516817	1.7425811547205787	0.7153444986728658	0.38903634043376156	0.2539124964788018	0.15867463914552046	0.13873896303075153	1.0577354259814256	0.1321359297458581	0.018097191636236826	0.0	0.0	0.10344386640275152	0.0
ERR160166_1_val_1	68.50883258185756	21.240218461695573	5.567683570671546	1.7935635977394389	0.7297020233429599	0.3938267829476603	0.24727966599706547	0.15697870965980398	0.1607117888739486	1.0592831224969048	0.12944760691782523	0.012472087799789618	0.0	0.0	0.0	0.0
ERR160166_2	71.29347237955682	19.772214555243465	4.923538531179574	1.4704498219471593	0.6115436088550149	0.34051078331999945	0.23673767532245474	0.16287994381953738	0.10592453489940906	0.9128047814414508	0.08285456966270617	0.01662520580542651	0.0	0.021271299276326983	0.04917230967071622	0.0
ERR160166_2_val_2	71.05000407027362	20.066416525237347	4.920403296394563	1.4954311830100382	0.5890754499177148	0.36650359414638445	0.21978227863507366	0.16628199627509124	0.10512449420507605	0.9382167878726267	0.07661417203741618	0.006146151995075263	0.0	0.0	0.0	0.0
ERR160167_1	65.37119154844578	21.38469504191168	6.813536091414305	2.336514603798335	1.06752374791989	0.5076180058296655	0.3219215544452153	0.22548443270674293	0.17121829582616213	1.309828953220869	0.28839714199242983	0.16206971093749523	0.0	0.019501799076914312	0.020499072474445264	0.0
ERR160167_1_val_1	64.67437163917761	21.81727526190318	6.956673799419509	2.397993163746912	1.0802837556509812	0.5493273367519501	0.30805982626114525	0.2277286303661123	0.18560320315090717	1.352776308760746	0.27702693923598043	0.17288013557500878	0.0	0.0	0.0	0.0
ERR160167_2	68.4255254251578	20.472863748541027	5.848612120591434	1.9192489339825667	0.8287523242401963	0.37992026740793433	0.25445128823006946	0.1810963019872843	0.1581368283228712	1.1717670949637455	0.2540212199047956	0.07902090311320104	0.0	0.026583543557062744	0.0	0.0
ERR160167_2_val_2	68.01346914053961	20.789861159668998	5.888754935837329	1.9703477520369586	0.8090986681100297	0.38320393866878893	0.2384836845799646	0.1853093933688557	0.1501782734062007	1.2440842109954038	0.25586329914051686	0.07134554364737908	0.0	0.0	0.0	0.0
ERR160168_1	65.19342177973486	21.556339401456654	6.551556527021503	2.2809652435521817	0.9785664769427083	0.4976131298519919	0.29028474777804153	0.1980760108844053	0.16414735386772827	1.4314688031364498	0.2548216501973205	0.08259841500505403	0.01800612880104592	0.009441061671520966	0.0	0.4926932700986119
ERR160168_1_val_1	64.62218125099926	22.23943510225976	6.8363265083909965	2.351856212691876	1.0062935537509432	0.5085979428432841	0.2991162139078743	0.19318870222297285	0.1682368442958134	1.452503592473237	0.27191450464994427	0.05034957151406679	0.0	0.0	0.0	0.0
ERR160168_2	67.66318106137538	20.760819451666745	5.883481520834729	1.992411331165191	0.8103278301452908	0.3870797936403092	0.28399987344654276	0.17733375572054982	0.15544806395681435	1.350549425724556	0.2115423545842044	0.0428966563634374	0.013344204903483946	0.014754384460747541	0.0	0.2528302920120696
ERR160168_2_val_2	67.45391146821686	21.13459927867039	5.970544174340856	1.9977652856170232	0.812033945200356	0.39855335798096597	0.28605541083021035	0.18614947572908633	0.16626730682514282	1.3751571501986595	0.20687621109629573	0.01208693529426176	0.0	0.0	0.0	0.0
ERR160169_1	68.18010223208636	20.66786792488241	5.6169504538006	1.8232520869776023	0.8167033193736364	0.3822977413808769	0.2498690617442827	0.19174724257293962	0.15465411539643184	1.2640802041475407	0.23446642315352134	0.1218429137632448	0.009678887186379081	0.006355257147540525	0.0	0.28013213638656215
ERR160169_1_val_1	67.52834185059685	21.360541035865364	5.82754324556483	1.8726714703830565	0.8236355863308639	0.3867556439006328	0.2538868980408641	0.18743199074644704	0.15939501608207038	1.2719410952127184	0.23936431622051435	0.08849185105577688	0.0	0.0	0.0	0.0
ERR160169_2	70.56841353402453	19.638193271664488	5.118308502493569	1.6039153418430665	0.6526889491950758	0.3303182096322718	0.2056520731323906	0.15239804118886668	0.13042112698416394	1.1271723679117203	0.2238091423404491	0.05163685777892905	0.010893788762035981	0.005813406021720277	0.0	0.18036538702671287
ERR160169_2_val_2	70.31188255268937	19.991786958868655	5.186671131912451	1.5976203242560396	0.6755412027648929	0.3261439324404378	0.21944895708428622	0.15286075467148935	0.13697242374499458	1.1540662443750744	0.21028962843606916	0.03671588875622109	0.0	0.0	0.0	0.0
ERR160170_1	68.30903385675968	20.329530381728215	5.907405933037584	1.9032099312974022	0.8213256617827341	0.4321395442062349	0.25334552100600105	0.190138279782255	0.15302425391656657	1.286102254323009	0.2666908104173953	0.06314154211006459	0.0031952439651602832	0.0	0.03611947013875671	0.045597315528893206
ERR160170_1_val_1	67.38275836859607	21.05850873712061	6.008938452999882	1.9724345204825349	0.841379077904246	0.44982537384323845	0.26379866785786793	0.19143274856237652	0.16138874155541655	1.3478510678779383	0.2550437666086403	0.06664047659118166	0.0	0.0	0.0	0.0
ERR160170_2	70.38241781691084	19.559426348460914	5.192242496519596	1.6954231834224798	0.6728971749558882	0.3577869283063016	0.22217323400806993	0.20339368406719155	0.1470216075268553	1.2650700422912027	0.2005387075736197	0.04968757695574405	0.0	0.0	0.051921199001318696	0.0
ERR160170_2_val_2	70.10954719509057	19.866707703624005	5.189532601066103	1.6776106719401707	0.6765002354780209	0.36116446733147095	0.2537571933934801	0.19756101279660576	0.1431551833505111	1.271774006725152	0.21401051894188788	0.03867921026199442	0.0	0.0	0.0	0.0
ERR160171_1	67.68598308977934	20.49903622126754	6.024549238852526	2.0066730939525184	0.8218831232014094	0.41595866163929174	0.2675398708855176	0.2104978430181111	0.14810782480323278	1.3777876763456742	0.20685731350352393	0.07955297442523981	0.0	0.0054666754955660195	0.0	0.25010639283044467
ERR160171_1_val_1	66.68258548798634	21.413017870748437	6.285117971618835	2.047848085068114	0.8496803423867293	0.4436217521726947	0.2796254773923221	0.20721261684509582	0.1588649261953163	1.385189058437165	0.2029578870321057	0.04427852411684825	0.0	0.0	0.0	0.0
ERR160171_2	70.37842180337958	19.664473346338596	5.2269154829705915	1.6464413930818205	0.6661987646388985	0.3550839651766207	0.2335834666736754	0.1571095911957097	0.14630983872011988	1.181121882950348	0.1743613895758628	0.030207259524928292	0.007326536764924806	0.0	0.038686814780024135	0.09375846422828606
ERR160171_2_val_2	69.62442558176643	20.297723977218173	5.381736480815853	1.6755211563262997	0.7138869133619317	0.3689854993846755	0.22601673523591378	0.16156645113928686	0.14670128167526666	1.221919823880773	0.17080130345507133	0.010714795740244844	0.0	0.0	0.0	0.0
ERR160172_1	67.0823818780786	20.689153361468854	6.246087096257526	2.134515537110681	0.9571630140379499	0.4386805603362142	0.3275772229603144	0.19487477366755596	0.13554098436528736	1.3437990472368437	0.2764213013966168	0.08257058588975313	0.0	0.0	0.034774408385407116	0.05646022880840278
ERR160172_1_val_1	65.96720131997824	21.49250039540142	6.471491503002897	2.2221395878455246	0.9573086878379728	0.47452245681761585	0.31492761755767745	0.21641616504522362	0.1428611972667925	1.3716394294171774	0.28693133874257176	0.08206030108688957	0.0	0.0	0.0	0.0
ERR160172_2	69.52642474625853	19.889979563020578	5.56818442187871	1.78979572931858	0.7206047399058729	0.37251911927154	0.2511392647773024	0.1950026672501143	0.13562993563211875	1.2347003510247232	0.22021484128011393	0.04485671095154541	0.0	0.0	0.050947909430248406	0.0
ERR160172_2_val_2	68.83242034334809	20.478143016344607	5.625777660607193	1.8403243962258664	0.7011096398651993	0.3930415725731184	0.26151333948153144	0.19220618721020796	0.14898764558724525	1.2591695960724272	0.22596764482320664	0.0413389578613398	0.0	0.0	0.0	0.0
ERR160173_1	40.8261777541427	24.439522152615467	14.992267492253811	7.726599947005199	3.851359985023115	2.0750582783768006	1.1398536072570775	0.7203756349372031	0.4576085557910314	2.6335451169310535	0.48842991314289563	0.45199007651256123	0.01580102433289251	0.004144436287034932	0.0	0.17726602539111228
ERR160173_1_val_1	38.80408525772353	25.905985363321676	15.457289249364745	7.981909345647496	3.865847427622137	2.091998036488363	1.1253765229886814	0.6785294919838342	0.47358657141372873	2.670557510457423	0.49503808055108783	0.4497971424373586	0.0	0.0	0.0	0.0
ERR160173_2	47.74937353756114	24.23202459926153	13.295679513797426	6.13397479398869	2.7867893479501338	1.3713241572118833	0.7417650364164972	0.4597848156718552	0.35354789267509446	2.0837289216376846	0.42055242909187307	0.28207182323139796	0.005465496638624953	0.023262782836810977	0.0	0.06065485202933429
ERR160173_2_val_2	45.85619830414598	25.594452580082983	13.810963140149779	6.2407142436239145	2.7550984568622736	1.3720260283965369	0.7667160585733178	0.49541689606634715	0.3272881770755688	2.070481804307035	0.4500453707010595	0.26059894001524014	0.0	0.0	0.0	0.0
ERR160174_1	42.287564141326214	24.920904326719004	14.430846193526984	7.232432874955394	3.5566654992965283	1.8715170667827983	0.912461895237858	0.6222180476056004	0.4378668160939572	2.564446484465408	0.5488716184549315	0.5416180815191389	0.002630876877525425	0.0029734230322711014	0.01710741846095698	0.04987523564541469
ERR160174_1_val_1	40.169992277245505	26.44338753863169	14.87473449155152	7.407084278116294	3.557556504832927	1.8169550393724192	0.9613139068588443	0.5983221478884951	0.45203027652668293	2.6156651000963893	0.5640965693415072	0.5388618695377976	0.0	0.0	0.0	0.0
ERR160174_2	49.9616874579186	24.43197676134226	12.312403252704902	5.573087320907226	2.4691088464559674	1.1594678915838157	0.6463806623547106	0.42883215545243364	0.25906631645919087	1.9713264650142293	0.4783459277311849	0.2672328557810749	0.004478130238264027	0.007162026030195769	0.0	0.029443930025865556
ERR160174_2_val_2	47.896334436403045	25.875053130862895	12.727659972693841	5.684001483580768	2.522737313178683	1.1348597182200175	0.6655654290309341	0.4387520771549762	0.27885550240516616	2.0391039026435553	0.4685591741097398	0.26851785971621484	0.0	0.0	0.0	0.0
ERR160175_1	41.47902261419969	24.401998019841617	14.49690875314102	7.414119400004386	3.7820593422161375	2.0122415035792534	1.1751444077066777	0.6956009339718944	0.4903541707123305	2.8326127966990238	0.5218797134449613	0.6491433475071892	0.009167686215409714	0.008714218380337887	0.0	0.031033092380113616
ERR160175_1_val_1	39.393180575485324	25.776955926475885	14.951406170896856	7.557557028176943	3.769247819197225	2.0389803089007987	1.1904711930896876	0.6904986041103639	0.49918250697807054	2.89547800977712	0.574446671616576	0.6587912967622102	0.0038038885328968825	0.0	0.0	0.0
ERR160175_2	49.06523685846081	24.16842153890906	12.614387571723404	5.65751963161028	2.6003885096953905	1.2664849119978336	0.7598983534155759	0.4843613167622653	0.3460536857851108	2.1613050977964496	0.47830925880370123	0.37099946012392576	0.004161741621577768	0.0029624909112378438	0.019509572383418973	0.0
ERR160175_2_val_2	46.891850460314615	25.670768683670563	13.049757604291418	5.704662478983085	2.622051667331678	1.2826445360245688	0.790900586791129	0.510183696628236	0.3456081188501628	2.248766129513614	0.5091795648389319	0.3736264727618892	0.0	0.0	0.0	0.0
ERR160176_1	41.64396697253663	24.33786176761754	14.631528673174337	7.475831937579566	3.8272087521080445	1.964406391499119	1.1404539366233777	0.7089445675609318	0.4411848715346368	2.645497827757804	0.5418150613017207	0.4755784488447336	0.009999850362546126	0.02597672647441313	0.0	0.12974421502458797
ERR160176_1_val_1	39.07437537352535	26.03190245911095	15.25509928895704	7.728401626941748	3.9371319467890658	1.970754976028395	1.1783263814592881	0.6812516249670908	0.47940824249930536	2.663463229949892	0.5308830075340865	0.46630799297628023	0.002693849261449307	0.0	0.0	0.0
ERR160176_2	49.13580409696074	24.13500802948261	12.72225822988657	6.004351164083108	2.638176738924433	1.2454541277609747	0.7475108035136667	0.4726326368908538	0.29878884375758746	1.8782216177237485	0.41770441828563504	0.21220919142836597	0.008150435930253557	0.019684491954154944	0.0	0.0640451734172303
ERR160176_2_val_2	46.29130082600973	25.914494703111508	13.446522542008687	6.19380080771166	2.7132400342971397	1.2784721920694357	0.7646805492028106	0.49638076283887456	0.29886662408976616	1.9779501791836154	0.42600034256573577	0.19829043691103093	0.0	0.0	0.0	0.0
ERR160177_1	43.522708003541325	24.77250437692581	13.858221354203963	6.87550339051106	3.385098295264742	1.8400324064343812	1.0717140496884758	0.658117759234051	0.4336047007565851	2.5363366009585646	0.4884585976658149	0.4623292229058184	0.01303700984023071	0.0031903025885202884	0.0	0.07914392948069977
ERR160177_1_val_1	41.51442333841338	26.21365169160451	14.331038685700817	7.047797501603697	3.3856600297976165	1.8501061362045153	1.0778376152820357	0.6243629404207286	0.44682315028735037	2.5318070366743717	0.5414177283312678	0.43507414567982344	0.0	0.0	0.0	0.0
ERR160177_2	50.94939378653951	24.14137497645068	11.949163041004935	5.334548395696581	2.4627021827620887	1.168192144808411	0.7154769060041528	0.4064911361627501	0.2820860419924884	1.8515551310298632	0.43706308011585	0.255200357720384	0.0021848642024685522	0.011465546204468668	0.0	0.03310240930538022
ERR160177_2_val_2	48.68780277684356	25.66624514509176	12.461401485679623	5.531819798307978	2.431154677962568	1.1577074982662332	0.6844505951663652	0.4375315584309325	0.2756566015212826	1.9482090101421057	0.4955628279229381	0.2224580246646278	0.0	0.0	0.0	0.0
ERR160178_1	40.69451290265593	24.211033552227242	14.77877714366643	7.75301649232977	3.931397136991547	2.173764092775046	1.2275005622014852	0.7841131504901413	0.516628143776722	2.7731940880811248	0.5158454788423343	0.5899283526462583	0.0034622087076530824	0.0	0.0	0.04682669460824067
ERR160178_1_val_1	38.61038651757271	25.579376637280575	15.19966979203595	7.94519270632504	4.004058799931543	2.1646843701957366	1.2288984102549376	0.7992709851319826	0.5144461274375731	2.8067343547035097	0.5448678503052534	0.5986661213462462	0.003747327479055524	0.0	0.0	0.0
ERR160178_2	47.94207080376185	24.089355603854575	13.022374473912057	6.025625231777815	2.840364610257642	1.487474528436881	0.8143599642538317	0.5167085765791202	0.33211102950842286	2.0773248483786215	0.47419919733546667	0.3618267487080918	0.0039412823014573495	0.0	0.012263100934066998	0.0
ERR160178_2_val_2	45.748032208300934	25.54728999070026	13.402403098948938	6.147285427751313	2.9390108597462894	1.4755272427747665	0.8573760160424264	0.5143222709431771	0.3436850721489049	2.1571405916368787	0.498203763251046	0.3697234577549785	0.0	0.0	0.0	0.0
ERR160179_1	41.97429446112256	24.6995789881387	14.712575456297698	7.647456231863107	3.763098216656169	1.9557060178334682	1.0112599034410623	0.6908029203912998	0.4631472869015327	2.326379691025341	0.4084482524153583	0.27423363468506584	0.0066074730523527705	0.002932217469694855	0.0	0.06347924870659243
ERR160179_1_val_1	39.78132126062896	26.19603521730298	15.263916189205466	7.7869356069804745	3.8240188105369506	1.9527553168531344	1.0695049773611114	0.6530134885423768	0.4824721695364896	2.3376648527635444	0.41286760778998854	0.2394945024985073	0.0	0.0	0.0	0.0
ERR160179_2	49.48955142206734	24.4443167334568	12.821258920832971	5.910640039464673	2.591586870863871	1.2512826526706262	0.7119254415182014	0.4520757644352072	0.25203930674149416	1.6335699852109753	0.3246305181426076	0.08966644803115825	0.004302486605901201	0.0029137754683651157	0.020239634489875927	0.0
ERR160179_2_val_2	47.15286089643034	25.95710332437409	13.394206361589358	5.9892936973935935	2.647120011074377	1.2548048551739928	0.7240827861194128	0.4428138582731771	0.26267999950593734	1.7299290066935868	0.35656254606035803	0.08854265731175034	0.0	0.0	0.0	0.0
ERR160180_1	53.366475629489216	21.522932017670687	9.290553346179324	4.366152913743137	2.2004875999947777	1.22951744495062	0.7956331516270599	0.5269286387603975	0.4122946172672838	2.82326873240622	0.7549292172375988	0.5253648361454792	0.04880143213480102	0.15898097606680464	0.017318177758762782	1.9603612685679395
ERR160180_1_val_1	49.55343126046554	23.076686749080956	10.686070671035829	5.31556102939106	2.8217924149376428	1.6564460407267878	0.9918340370824107	0.6743539781496831	0.5111071736731653	3.2566755590947722	0.8516212303575856	0.6021382990869567	0.002281556917732416	0.0	0.0	0.0
ERR160180_2	53.56057111742724	21.351072913459248	9.626298877166255	4.599918591463242	2.429599704386402	1.3812645200144826	0.8376995012264872	0.6010635362833329	0.4305163522256773	2.7274198946971975	0.7631386888266478	0.5310457561770873	0.054698837213917946	0.09275967165186877	0.057767191936752796	0.955164845844083
ERR160180_2_val_2	52.132631192217495	22.69332062831226	10.239234445428792	4.865590865353139	2.5910337728244963	1.3974725499634428	0.9049773614924561	0.6284497841442828	0.45493877132496297	2.832094279025969	0.7806240867621281	0.47963226315059415	0.0	0.0	0.0	0.0
ERR160181_1	65.44009280446296	20.127679671141465	6.177731748640573	2.3250194571581	1.1266726991101552	0.6467817732297445	0.42564954392554627	0.3095205826252174	0.23637733060390187	2.098560712390546	0.5034878613016032	0.3875814620981653	0.012130876590644855	0.0	0.0	0.18271347672135163
ERR160181_1_val_1	61.406547814048515	21.71671377821121	7.349290479240718	2.852261166396769	1.3964685352286823	0.7786576589380267	0.5040534005208361	0.32932481894664106	0.30773729616367285	2.325027419555	0.5119863582385079	0.5194692188724646	0.0024620556390011123	0.0	0.0	0.0
ERR160181_2	64.68604603277058	20.508266229068152	6.546274838498893	2.4415905325815257	1.1213546197066953	0.6652712546504355	0.41181591709967835	0.31273754367766066	0.25471635379970214	1.9800269273712061	0.567336280095416	0.3655404960968515	0.005180409184195362	0.009686735551001694	0.0	0.12415582984798935
ERR160181_2_val_2	64.30440424727209	20.930624263184455	6.57850800271179	2.4694391958968973	1.1554027927321204	0.6332675544430189	0.4257448806810651	0.2941912396650898	0.2704874655313621	2.0322340920628874	0.5545016560054296	0.35119460981382394	0.0	0.0	0.0	0.0
ERR160182_1	69.27112975206724	18.44108235621581	5.574189088414359	1.9360809650764952	0.9402698894214601	0.5117078126965385	0.2974264829098178	0.20424955655354007	0.1703609083429309	1.6012431360204293	0.33886148622477835	0.1260812920395769	0.020923215730508857	0.039288046233637505	0.0	0.5271060120527857
ERR160182_1_val_1	63.680974393969045	21.651472253081952	6.899028301739279	2.5920726095942634	1.205446074169615	0.7144941235076202	0.3848094205213203	0.2760493625236397	0.22482756539239246	1.8198242890209528	0.4149583201197367	0.13604328636020077	0.0	0.0	0.0	0.0
ERR160182_2	68.46186291413116	19.495479841194093	5.818955404151019	2.1139774565099927	0.9318655167309022	0.4677782378409434	0.26287101243559235	0.2119150220734221	0.15964672314976977	1.4239577372789902	0.2363508539829948	0.0669352976696928	0.011648061408468125	0.031845073189031584	0.0	0.3049108482538283
ERR160182_2_val_2	66.4662418778647	20.961305014637542	6.272232736562604	2.262640446396802	1.011815793129092	0.5227528104237529	0.27442383586829	0.2273907376461801	0.16572621530403067	1.5429094517247406	0.25845695049032535	0.03410412995183619	0.0	0.0	0.0	0.0
ERR160183_1	68.77947262937012	19.189972977754582	5.273640784461257	1.8376305119480363	0.8730506276809387	0.5259195243367928	0.35469664002736023	0.2574843126424143	0.17909333377428566	1.834878046072888	0.49110024117356554	0.21134134109340735	0.0053869253624823765	0.0	0.0	0.1863321043019141
ERR160183_1_val_1	64.67166067028862	21.11066697119598	6.408256777340691	2.2920381578723408	1.0897915015689672	0.6327782369620828	0.4302080230655709	0.2985844582802813	0.22013061784269192	2.0084690934965	0.55886889624767	0.2785465958386036	0.0	0.0	0.0	0.0
ERR160183_2	68.24006719653613	19.47508780059858	5.666567783113422	1.8713795954250187	0.8919229000566924	0.5394799322240698	0.3499737847108092	0.23244959242606175	0.1944448631194887	1.784784204728156	0.4520962088816749	0.18989224654319262	0.011636889026681939	0.0	0.0	0.10021700261001912
ERR160183_2_val_2	67.45601338446922	20.087797835929546	5.786381761328227	1.898016691665878	0.9385736464001238	0.5515076137748199	0.34761568420588274	0.259272754322239	0.2009820918799927	1.841055879070181	0.4528731024545595	0.17990955449933274	0.0	0.0	0.0	0.0
ERR160184_1	68.0294432478841	19.275518513794058	5.667295610498771	2.118847224573002	0.9376788193588287	0.5227737385699649	0.3396310287799973	0.2535813669813585	0.17723395954416377	1.7466237245675575	0.3904605648916643	0.15020408341018718	0.0037265760123248283	0.005021094672189125	0.0	0.3819604464616852
ERR160184_1_val_1	63.50003769033356	21.659512418750378	6.866167544533592	2.5918203427738042	1.1649907776163895	0.6835164524027455	0.39582860298366274	0.3156892942813101	0.2127226512857191	1.9765149039484053	0.44076150275723774	0.19243781833312	0.0	0.0	0.0	0.0
ERR160184_2	67.27617250224097	19.994288955608315	5.993039539369236	2.2328614157542046	0.9558448514903475	0.5481131818116538	0.33129033953295317	0.2723641306532329	0.19284707640474527	1.5343115060747596	0.40357870209616714	0.064415907702284	0.0073724233635415635	0.01036944772255055	0.0	0.1831300201750582
ERR160184_2_val_2	66.15611681908918	20.826003025920723	6.222115087319754	2.3024185066729794	0.9774683337439989	0.5860432632856065	0.34852167009417034	0.29866702185764255	0.19047986838297432	1.628938878876602	0.40369377598122325	0.0595337487750217	0.0	0.0	0.0	0.0
ERR160185_1	68.93166089197766	19.444331416311957	5.242164576444151	1.8249121524273062	0.8460302174257843	0.4386790096113421	0.33993148366449366	0.24067923863812313	0.21391604935999292	1.580659550338941	0.39545052064310526	0.14107946629764162	0.011084306756957402	0.008048989145013024	0.0	0.3413721309575455
ERR160185_1_val_1	64.80991432944501	21.585310586261084	6.361912935619022	2.3485017033034716	1.0243938815122695	0.5262380934847024	0.38994442144730557	0.28945639653172517	0.23627701276477436	1.8095420751374263	0.4227612486018404	0.19574731589141053	0.0	0.0	0.0	0.0
ERR160185_2	68.22582223990423	19.88050825246295	5.636002902230538	1.9318919474786842	0.8603493611321942	0.45343246558283146	0.3020434162189892	0.2622980733704166	0.1776763405365792	1.5682642621379843	0.35954206410507505	0.11793387130063962	0.013166116193247243	0.011863971786691095	0.0	0.19920471555917948
ERR160185_2_val_2	67.5647176478755	20.50812028372925	5.733634853050833	1.9640759925833844	0.8829506839245679	0.4992945108793957	0.31215978205149886	0.25509105604155835	0.1793611352972725	1.6356369471345393	0.36441819044531104	0.10053891698679318	0.0	0.0	0.0	0.0
ERR160186_1	63.88806209062701	20.438728543550713	6.842715834232116	2.7153938137830496	1.2789879713996952	0.701688426561073	0.429065555880319	0.3253471064904018	0.24434732408154256	1.845502334630716	0.38565249625669995	0.30625527982051187	0.018545694492144407	0.020597550704497536	0.0	0.5591099774895734
ERR160186_1_val_1	59.76827900458513	22.243485180350586	8.12802493033307	3.2916272262983792	1.6144117051137306	0.8673044235594913	0.5510645395458779	0.3750935050095765	0.2805289994656921	2.112288870854214	0.4107565598919206	0.3515718465145331	0.0	0.0055632084779495645	0.0	0.0
ERR160186_2	63.16562497273082	21.032833614011793	7.145245419907222	2.8594004753361015	1.3339315345692433	0.7183022243744916	0.46223060120069887	0.3008196935334303	0.23172272560804896	1.7569980546377766	0.4070179846632279	0.17501281937670268	0.012833438439511504	0.05233547438100209	0.044490182257264435	0.3012007849728268
ERR160186_2_val_2	62.72696767628537	21.67076256731878	7.300931767061577	2.872176466951755	1.3743947590567986	0.7369439494315823	0.4514173221281668	0.3024059941398875	0.2228168455511487	1.785896046974762	0.4199899186442134	0.1298633902232471	0.0	0.005433296232702123	0.0	0.0
ERR160187_1	69.38060898513504	18.98811341992982	5.424580595468648	1.891263923189247	0.8331637395373777	0.5115363231683946	0.3202071959030116	0.20569582934413097	0.17279634640746852	1.399623266232164	0.22889460718209576	0.06362995462961799	0.013311750673813459	0.0	0.0	0.5665740631991842
ERR160187_1_val_1	66.37077609332938	21.035414626315305	6.235395769178371	2.247853012813184	0.9934282797828079	0.5739934644411163	0.32361108159043517	0.2849078729381396	0.18239900506168352	1.5069266158617904	0.22239592482717285	0.022898253860566695	0.0	0.0	0.0	0.0
ERR160187_2	68.59390992172028	19.62555279110381	5.746305626793697	2.0735801816791497	0.9167577015133331	0.4825235294547009	0.3270740634784891	0.22245350857769963	0.1518208960371723	1.2737148579259605	0.20265273621310215	0.043613137984391814	0.009504121073903292	0.023368723904832547	0.0	0.30716820253950505
ERR160187_2_val_2	67.36098395811038	20.68660050258248	6.074621515132298	2.168931378554477	0.9795655575072816	0.48996272805351376	0.31963180093675747	0.23493667971116786	0.15785000687109652	1.3220676480308569	0.1976422592688894	0.007205965240845914	0.0	0.0	0.0	0.0
ERR160188_1	62.25601461743538	20.59199309822518	7.7033090545882965	3.336919612802124	1.6917316325712388	0.9061260530234094	0.5549640035265121	0.3670828195542787	0.25438163589794643	1.7740989529608782	0.3211099098977419	0.10656107726120138	0.0	0.0	0.025167978289773393	0.11053955396603406
ERR160188_1_val_1	59.74288532628324	21.436740663251435	8.360277368385335	3.7238849695470755	1.9056257652189688	1.0448449840466378	0.6742975433666822	0.40128574987304777	0.2945700099562114	1.927735144478462	0.35898833581495637	0.12886413977789898	0.0	0.0	0.0	0.0
ERR160188_2	60.957072121269576	20.729746118953784	8.145864326453728	3.6651487806200636	1.893913761146453	1.0145286144625676	0.6098550034490512	0.4138729825113331	0.3011990707786164	1.758393224913029	0.3560549444454069	0.09389212365173764	0.0	0.0	0.06045892734475413	0.0
ERR160188_2_val_2	60.26798785755185	21.302415067104807	8.296947904244952	3.6684501242956995	1.8949570487228709	1.0117754338736784	0.6117470599685101	0.39731510290176375	0.3037748800205569	1.8035340317261352	0.3664908461941667	0.07460464339505103	0.0	0.0	0.0	0.0
ERR160189_1	66.91160999530481	20.01176297769529	5.854775869731846	2.0664995680117535	0.9762824671944961	0.5707607964244971	0.4237224768436377	0.27906264970314715	0.20874666973024827	1.8993685394846482	0.47383211993481683	0.1852143444888889	0.0	0.0	0.0	0.1383615254519819
ERR160189_1_val_1	64.63106385912187	21.135062887697636	6.412323954238879	2.379337354391344	1.1165412687548177	0.604964050289056	0.4477212875407588	0.3110049332613118	0.24979749482047076	1.992048338711845	0.4996551305250698	0.2204794406468564	0.0	0.0	0.0	0.0
ERR160189_2	65.7431764827817	20.647121831141206	6.271722698367273	2.2569760192946293	1.0149274056432984	0.5629720772252776	0.3835476881821966	0.29638990237053486	0.21999601420318995	1.850619450112138	0.5073804378065251	0.15244385165057606	0.003002091538880095	0.0	0.03138221020761622	0.058341839475091105
ERR160189_2_val_2	65.65346751804775	20.82942136148534	6.288283165596371	2.237585606803315	1.0052226097518162	0.5577611291275751	0.3750788369061271	0.28881399451081297	0.23362812087769325	1.8931361969387088	0.4972759728304936	0.14032548712391493	0.0	0.0	0.0	0.0
ERR160190_1	65.8385820949466	19.65425237844063	6.152394415740877	2.3479880985208914	1.129677636420138	0.6318245823724403	0.46469531908049694	0.2929568016996821	0.23618839438121472	1.8622975614932444	0.49689861521504597	0.24638940063412754	0.017014732325689137	0.019279217570095576	0.017949303714909007	0.5916114474438969
ERR160190_1_val_1	63.18400203041558	21.36604784925751	6.814981613598478	2.7714039753223303	1.2819058873345557	0.712659119200672	0.5193957479794042	0.3082002755434023	0.25007576699831147	2.037127900418398	0.49651095939934853	0.25768887453189826	0.0	0.0	0.0	0.0
ERR160190_2	65.22917717159616	20.10826385487364	6.47910100230397	2.4730302781239946	1.1831956353961788	0.639234821807932	0.4044941717959919	0.2845513683804049	0.24375648236148592	1.851964225710779	0.4925538128106522	0.17066136255799683	0.013225739566052476	0.06456527539701729	0.0	0.3622247973177205
ERR160190_2_val_2	64.48971664997937	20.93759090596668	6.706457786445504	2.4946098149083316	1.2100307405741066	0.6303572851862259	0.4328243776609864	0.3062939923924565	0.2572589230593652	1.8943235017436542	0.5030853089752296	0.13745071310801057	0.0	0.0	0.0	0.0
ERR160191_1	65.36193367487274	20.202860473434413	6.428923192870985	2.440019761202915	1.2312576395339898	0.6815879527080788	0.4270172554707181	0.3107543108175656	0.223380426951986	1.8204228142393124	0.4280065440441929	0.3633259554434342	0.0	0.0	0.032868611373592864	0.04764138703610745
ERR160191_1_val_1	62.598351045125135	21.43184668449628	7.069935099815574	2.829307077677069	1.4048717722758335	0.7697144038649171	0.47281328462326444	0.3424243322824282	0.2449220126322807	1.9260050726838698	0.46778932587202154	0.44201988865120356	0.0	0.0	0.0	0.0
ERR160191_2	64.42909634247376	20.66592083771285	6.730486275538198	2.6690336038140567	1.2727029127099407	0.6887884248421879	0.40898587317980173	0.3289928046406451	0.21433382147304827	1.7056341616531194	0.49576081989919196	0.32905073340672586	0.0027424912616395994	0.00929396289364528	0.0	0.049176934501110624
ERR160191_2_val_2	63.85324785287403	21.127752016141507	6.831896998541723	2.6881795970579354	1.245755042913014	0.7066380613280949	0.4236016003085092	0.3193325692344682	0.2298419319338153	1.7493713550066656	0.5019439955722418	0.32243897908794883	0.0	0.0	0.0	0.0
ERR160192_1	67.73351443800767	19.3254519459282	5.651134926722959	1.934867791277646	0.9361383835277043	0.49905386570793114	0.34605636765508896	0.2963006525896658	0.19789632636429486	2.003579560204904	0.530844862386691	0.34812464682867555	0.0	0.01068385630969965	0.0	0.18635237648895925
ERR160192_1_val_1	65.5000366344072	20.530075323289758	6.202002869261931	2.2371300082794305	1.0213490277607606	0.551428760054973	0.39018887402501184	0.297006355663759	0.20649165728108249	2.104177253246856	0.5557459883962896	0.40436724833288007	0.0	0.0	0.0	0.0
ERR160192_2	67.10422009981947	19.869957436977906	5.776193642620356	2.060361001372939	0.8922260766710035	0.49112405274128773	0.3471349877552117	0.268137395706348	0.22924378644664317	1.8719907600987926	0.5947304750505128	0.30602414866590405	0.0027848508041380215	0.023789299411757687	0.0	0.16208198585769365
ERR160192_2_val_2	66.88077243400741	20.22255062113781	5.801437734963188	2.081690716000914	0.8761153641910315	0.513417156897947	0.34396115960999885	0.2647954847004692	0.23594941111776424	1.9005683388871955	0.592536057956523	0.28620552052984644	0.0	0.0	0.0	0.0
ERR160193_1	73.3406904426983	16.78807645639031	3.9608725608832844	1.2342770923560464	0.5445555512879263	0.35778070126684125	0.2382312507173368	0.17744486051841935	0.12943740033667783	1.7150235291525409	0.40865131256729476	0.167713618254504	0.049008032845761	0.06683797928854544	0.0	0.8213992114361363
ERR160193_1_val_1	70.82917469678443	18.96418007203395	4.682987815217018	1.5163325742788807	0.6320172436796859	0.39711140495365643	0.2622503126366461	0.2162223096159343	0.15350500833462302	1.792933018323397	0.42512880189015856	0.12150222235096414	0.006654519900582969	0.0	0.0	0.0
ERR160193_2	73.47141223977025	17.40882064792612	4.040720993436329	1.201055943722853	0.5361781361969625	0.3085950403658232	0.21373732678939494	0.15471363409458136	0.13590433113348388	1.420106445191757	0.3128521702278402	0.11235199414287257	0.016544789185333364	0.08322552181873027	0.0	0.5837807859977407
ERR160193_2_val_2	72.44020987214822	18.578554805099305	4.30719740337102	1.330183444327176	0.5698490152491619	0.33353920832802153	0.21056682983003372	0.1775970711137253	0.1454253618857162	1.513411575086901	0.3410728385784911	0.05239257498227735	0.0	0.0	0.0	0.0
ERR160194_1	62.953265592616525	20.87621879879532	6.611660239120405	2.6674249527128766	1.3635751533086746	0.7974535931591578	0.5352305162715575	0.3849785095949335	0.294780965106507	2.397028374804477	0.5712157209444867	0.48209978902628664	0.025548424290348714	0.014617549843518166	0.02490182040492648	0.0
ERR160194_1_val_1	61.98496946517077	21.36131816397103	6.850111349899543	2.715474439340895	1.4515318563829331	0.8230826599057887	0.5447005696518175	0.3954095449349838	0.3041778586280482	2.45069660876035	0.597476886456362	0.49867651579280603	0.022374081104706817	0.0	0.0	0.0
ERR160194_2	65.12287709336297	20.096373644203368	6.22104544213399	2.4087612386828656	1.2149759874802102	0.7135531875825284	0.4399400107015851	0.34589934394394095	0.24648393051073816	2.235525426509618	0.5102186708765533	0.41058466735951327	0.015277747202939966	0.01848360944919238	0.0	0.0
ERR160194_2_val_2	64.85333416513157	20.331870215430207	6.214143840660145	2.4215232307887047	1.2466226863615841	0.6898243033061091	0.4281576959988282	0.3512319560365164	0.2618870360322653	2.2615427560465995	0.5088976434957289	0.4152153110710598	0.015749159640677666	0.0	0.0	0.0
ERR160195_1	66.51447888456428	20.344918273613427	6.135618140635922	2.2415500498916408	0.9366887027330956	0.5682772397237128	0.3505189330571508	0.25722645380119497	0.2030536855806678	1.7214616767911115	0.3728430047131037	0.1572842950728069	0.0030458770076204292	0.0	0.04666141242379916	0.1463733703905712
ERR160195_1_val_1	65.38993304543929	21.09790220761917	6.519021547481681	2.2607334799341325	0.9682502465564115	0.6102354572715889	0.3657319178343599	0.269212727198714	0.21392520217351244	1.776979064197251	0.3819049585815926	0.14617014571227724	0.0	0.0	0.0	0.0
ERR160195_2	68.7087530048754	19.525933585542496	5.775438894103162	1.9266925819227916	0.8354433632467245	0.4450184764589422	0.3176645082470669	0.22515970814401004	0.19929274605367753	1.5349891770723953	0.3406556308997773	0.07623034976703072	0.0028233686869732805	0.0	0.08590460497953083	0.0
ERR160195_2_val_2	68.31679645605136	19.963603988883083	5.788694448942511	1.904066800017055	0.8296583548030746	0.4710657327099148	0.3142333832953413	0.23988138772030815	0.19671372911952367	1.5636126420687027	0.3417413031711977	0.06993177321788975	0.0	0.0	0.0	0.0
ERR160196_1	62.59497151091256	21.217455944695	7.343968161398512	2.947485383953711	1.4073808046883418	0.7272339292213159	0.44336749832660355	0.33113755256252203	0.22642576548007654	1.8789741309513601	0.4031247982336222	0.2651839241560623	0.0030342720361209072	0.0	0.0	0.21025632338415368
ERR160196_1_val_1	61.186461946469294	22.108075432935724	7.768477218874358	3.0329374980198236	1.5027768283941552	0.7707581166505557	0.45489018347796406	0.33632072108629796	0.2466068628733132	1.9175940769509343	0.4141465593372486	0.26095455493016795	0.0	0.0	0.0	0.0
ERR160196_2	64.02630180685313	21.06919213755751	6.9665597583017975	2.8113652495550814	1.174042296238657	0.6990509328753202	0.4521106715813165	0.2849732906120975	0.22980836399539997	1.6245130456638175	0.3770955448906228	0.16752301369238629	0.007502303450815023	0.0	0.03811560055605916	0.07184598417594616
ERR160196_2_val_2	63.44981042735437	21.59997509454831	7.076143006960265	2.816839269372768	1.2114689027196197	0.7085873725146947	0.42071677484742676	0.283668446214379	0.22229370709627577	1.6680746663806927	0.3982126656245524	0.14420966636665253	0.0	0.0	0.0	0.0
ERR166338_1	72.11796405273395	15.066466919139925	4.324004665708314	1.7833101069113404	0.9287510857080249	0.5658164610230378	0.4449239803072619	0.36298365481455996	0.28996924503768473	2.885359601051002	0.5432894495079014	0.6723551518781784	0.012701648401390328	0.0021039777775022925	0.0	0.0
ERR166338_1_val_1	71.09420591794301	15.55939784255066	4.478393228726003	1.8631771155771526	0.9207104094033774	0.6269074517269021	0.45797218883997426	0.33493698942961764	0.2940207218987672	3.0621391828269666	0.5969769037408461	0.6876110887594707	0.02355095857712995	0.0	0.0	0.0
ERR166338_2	73.04232575820802	14.861904562774827	4.082449272575474	1.667425978092	0.9168162002730962	0.5638596051526242	0.3978586633736087	0.2948229645503062	0.2608933046485413	2.7766337666135703	0.49411611071633516	0.6215813494076767	0.015478822682408341	0.003833640931391996	0.0	0.0
ERR166338_2_val_2	72.30009044118056	15.188591644434135	4.200032566076687	1.6723489673882281	0.9168115247822357	0.5809068189268546	0.41893687302185384	0.3129108747700928	0.2749858309303879	2.9385932449581813	0.5207267758357004	0.6533115984174205	0.021752839277692067	0.0	0.0	0.0
ERR166339_1	56.095340042755424	23.68605205052697	8.038403150389662	3.0413928765449882	1.3058067214065803	0.808453149302291	0.5296718214954486	0.42684325590438066	0.3248713326933621	3.907039661716997	0.779805119744621	1.0300543111136733	0.026266506405652312	0.0	0.0	0.0
ERR166339_1_val_1	54.99502404682578	24.313885372126446	8.24829286620238	3.0089543426120473	1.385664481979205	0.7994214050480354	0.5316888672542593	0.4248766548306397	0.3219110803795716	4.063766983100385	0.8090303555755308	1.067294698857797	0.030188845207838877	0.0	0.0	0.0
ERR166339_2	60.29530442949523	21.985304727677253	7.220087741928616	2.6729659140523188	1.2644064572357228	0.620638712485803	0.45078260970453765	0.37190836308819075	0.31097899161913817	3.312377012739938	0.5897742629893541	0.8907529438542524	0.01471783312945071	0.0	0.0	0.0
ERR166339_2_val_2	58.23682166795007	23.06479427708856	7.537729663775414	2.8283243053314653	1.311231820435079	0.6656292006795718	0.49985623385655087	0.38495463413794306	0.31000627305518685	3.525867631678671	0.661033838582041	0.9557336820545985	0.018016771375007474	0.0	0.0	0.0
