	101
ERR160121_1	39757505.0
	24	26	28	30	32	34	36	38	40	42	44	46	48	50	52	54	56	58	60	62	64	66	68	70	72	74	76	78	80	82	84	86	88	90	92	94	96
ERR160121_1_val_1	29879.0	60377.0	59486.0	59746.0	65804.0	70850.0	74540.0	76694.0	79601.0	82895.0	86905.0	90520.0	95180.0	99075.0	104823.0	109502.0	114220.0	115892.0	120727.0	128679.0	135263.0	141460.0	145209.0	131611.0	140434.0	163297.0	184029.0	206696.0	228170.0	260525.0	300482.0	362283.0	476261.0	691556.0	1890015.0	11592337.0	17063775.0
	101
ERR160121_2	39757505.0
	24	26	28	30	32	34	36	38	40	42	44	46	48	50	52	54	56	58	60	62	64	66	68	70	72	74	76	78	80	82	84	86	88	90	92	94	96
ERR160121_2_val_2	51404.0	103280.0	106609.0	112016.0	113485.0	116223.0	116149.0	116624.0	121112.0	123672.0	119222.0	122022.0	144754.0	159103.0	174857.0	193521.0	213677.0	238624.0	264111.0	296243.0	348933.0	429004.0	608469.0	1172292.0	2999290.0	1538299.0	1108845.0	924123.0	567417.0	723326.0	1081738.0	1288794.0	1056162.0	1364507.0	2124902.0	6661709.0	8834280.0
	101
ERR160122_1	24282406.0
	24	26	28	30	32	34	36	38	40	42	44	46	48	50	52	54	56	58	60	62	64	66	68	70	72	74	76	78	80	82	84	86	88	90	92	94	96
ERR160122_1_val_1	16202.0	33215.0	32696.0	33006.0	36205.0	39703.0	41440.0	42417.0	44687.0	46465.0	48410.0	50819.0	54517.0	55975.0	58589.0	61658.0	64813.0	66484.0	68471.0	72411.0	76640.0	80733.0	82875.0	75147.0	80536.0	93761.0	106539.0	119998.0	133078.0	152282.0	176408.0	212574.0	280947.0	411859.0	1107750.0	6982547.0	10904654.0
	101
ERR160122_2	24282406.0
	24	26	28	30	32	34	36	38	40	42	44	46	48	50	52	54	56	58	60	62	64	66	68	70	72	74	76	78	80	82	84	86	88	90	92	94	96
ERR160122_2_val_2	33151.0	68117.0	70508.0	74063.0	75295.0	76509.0	76372.0	77023.0	79697.0	81245.0	77605.0	79796.0	95100.0	105331.0	116401.0	128898.0	141854.0	157644.0	175314.0	196084.0	229556.0	284978.0	397743.0	758368.0	1859120.0	973151.0	693002.0	557451.0	361402.0	459980.0	668282.0	793458.0	661182.0	844894.0	1311490.0	4088153.0	5118294.0
	101
ERR160123_1	31394858.0
	24	26	28	30	32	34	36	38	40	42	44	46	48	50	52	54	56	58	60	62	64	66	68	70	72	74	76	78	80	82	84	86	88	90	92	94	96
ERR160123_1_val_1	22356.0	45612.0	44811.0	45732.0	49989.0	53477.0	56747.0	58055.0	60249.0	62716.0	66241.0	69384.0	73395.0	75845.0	80547.0	83877.0	87526.0	89255.0	93086.0	98272.0	103673.0	109254.0	112117.0	102083.0	108956.0	126638.0	142390.0	161447.0	177366.0	203850.0	235504.0	284124.0	373221.0	546609.0	1504267.0	9215943.0	13578382.0
	101
ERR160123_2	31394858.0
	24	26	28	30	32	34	36	38	40	42	44	46	48	50	52	54	56	58	60	62	64	66	68	70	72	74	76	78	80	82	84	86	88	90	92	94	96
ERR160123_2_val_2	43475.0	87634.0	90792.0	95184.0	95991.0	98404.0	98284.0	98994.0	101834.0	103162.0	99503.0	102963.0	121482.0	134254.0	148525.0	163839.0	180233.0	200387.0	222153.0	249854.0	290730.0	359768.0	505122.0	957025.0	2391469.0	1241166.0	888420.0	725738.0	460368.0	581731.0	854585.0	1026714.0	841969.0	1080589.0	1665189.0	5157000.0	6838466.0
	101
ERR160124_1	42376753.0
	24	26	28	30	32	34	36	38	40	42	44	46	48	50	52	54	56	58	60	62	64	66	68	70	72	74	76	78	80	82	84	86	88	90	92	94	96
ERR160124_1_val_1	31508.0	64516.0	63361.0	63965.0	70506.0	75577.0	79746.0	81735.0	84372.0	88282.0	93095.0	97061.0	103123.0	105554.0	111607.0	116563.0	122254.0	123833.0	128626.0	137549.0	144958.0	151205.0	155573.0	140436.0	149544.0	174755.0	197067.0	221833.0	243435.0	277599.0	320912.0	388059.0	510682.0	743685.0	2037418.0	12426618.0	18398873.0
	101
ERR160124_2	42376753.0
	24	26	28	30	32	34	36	38	40	42	44	46	48	50	52	54	56	58	60	62	64	66	68	70	72	74	76	78	80	82	84	86	88	90	92	94	96
ERR160124_2_val_2	51988.0	105129.0	108689.0	114569.0	115736.0	118943.0	118665.0	119441.0	124164.0	126100.0	123280.0	125795.0	147768.0	163877.0	180784.0	199787.0	221031.0	246013.0	274564.0	308545.0	363009.0	450143.0	635887.0	1237940.0	3201719.0	1639582.0	1178431.0	984425.0	601001.0	767773.0	1156791.0	1379807.0	1130089.0	1468415.0	2300933.0	7244766.0	9689906.0
	101
ERR160125_1	45594299.0
	24	26	28	30	32	34	36	38	40	42	44	46	48	50	52	54	56	58	60	62	64	66	68	70	72	74	76	78	80	82	84	86	88	90	92	94	96
ERR160125_1_val_1	32415.0	66184.0	64602.0	66174.0	72297.0	77918.0	82275.0	85666.0	87786.0	91602.0	96474.0	101343.0	106547.0	109934.0	115757.0	121326.0	126239.0	129874.0	134199.0	142956.0	150726.0	158261.0	162540.0	146878.0	156425.0	182993.0	205959.0	232724.0	256884.0	292299.0	337880.0	409395.0	540513.0	790671.0	2194625.0	13386277.0	19764868.0
	101
ERR160125_2	45594299.0
	24	26	28	30	32	34	36	38	40	42	44	46	48	50	52	54	56	58	60	62	64	66	68	70	72	74	76	78	80	82	84	86	88	90	92	94	96
ERR160125_2_val_2	62603.0	125846.0	130905.0	137162.0	139171.0	142074.0	142331.0	143304.0	148429.0	150453.0	145594.0	148860.0	176278.0	193635.0	214020.0	235825.0	260054.0	288829.0	321812.0	360803.0	422201.0	522122.0	729162.0	1388921.0	3485209.0	1804414.0	1293489.0	1064453.0	667283.0	846318.0	1246882.0	1479104.0	1218225.0	1566800.0	2418526.0	7469555.0	9990834.0
	101
ERR160126_1	32103419.0
	24	26	28	30	32	34	36	38	40	42	44	46	48	50	52	54	56	58	60	62	64	66	68	70	72	74	76	78	80	82	84	86	88	90	92	94	96
ERR160126_1_val_1	22268.0	46136.0	44963.0	45763.0	49941.0	53952.0	56310.0	57744.0	60133.0	62414.0	65251.0	68695.0	73212.0	75468.0	79798.0	83811.0	86962.0	89344.0	92718.0	98593.0	104495.0	109536.0	111855.0	101900.0	108778.0	127566.0	144062.0	162339.0	178537.0	204386.0	236522.0	284812.0	376070.0	551998.0	1531771.0	9493275.0	13944825.0
	101
ERR160126_2	32103419.0
	24	26	28	30	32	34	36	38	40	42	44	46	48	50	52	54	56	58	60	62	64	66	68	70	72	74	76	78	80	82	84	86	88	90	92	94	96
ERR160126_2_val_2	43711.0	88482.0	91198.0	95033.0	96086.0	98547.0	99004.0	99064.0	102104.0	103198.0	99548.0	102715.0	121488.0	134847.0	148299.0	163673.0	180720.0	199924.0	223253.0	249203.0	292138.0	360720.0	504791.0	960076.0	2412921.0	1252074.0	892014.0	726702.0	462040.0	587118.0	862943.0	1037141.0	855568.0	1101196.0	1712511.0	5387318.0	7138835.0
	101
ERR160127_1	25911156.0
	24	26	28	30	32	34	36	38	40	42	44	46	48	50	52	54	56	58	60	62	64	66	68	70	72	74	76	78	80	82	84	86	88	90	92	94	96
ERR160127_1_val_1	18993.0	38349.0	38147.0	38216.0	41251.0	44724.0	47070.0	48646.0	49770.0	52338.0	55236.0	56955.0	61125.0	62235.0	65956.0	69220.0	72653.0	73703.0	75929.0	81060.0	85251.0	89509.0	91865.0	83304.0	89476.0	104060.0	116952.0	131588.0	145414.0	165946.0	192448.0	232575.0	305390.0	445848.0	1239558.0	7659779.0	11264930.0
	101
ERR160127_2	25911156.0
	24	26	28	30	32	34	36	38	40	42	44	46	48	50	52	54	56	58	60	62	64	66	68	70	72	74	76	78	80	82	84	86	88	90	92	94	96
ERR160127_2_val_2	32726.0	66013.0	68072.0	71294.0	72296.0	74353.0	74292.0	74869.0	77189.0	78482.0	76217.0	79237.0	92943.0	102000.0	112552.0	124125.0	137459.0	152660.0	170522.0	191694.0	224622.0	277481.0	393055.0	758893.0	1950810.0	1001708.0	720581.0	598482.0	369363.0	471538.0	706393.0	842200.0	689595.0	895836.0	1400543.0	4421586.0	5883788.0
	101
ERR160128_1	27810050.0
	24	26	28	30	32	34	36	38	40	42	44	46	48	50	52	54	56	58	60	62	64	66	68	70	72	74	76	78	80	82	84	86	88	90	92	94	96
ERR160128_1_val_1	20093.0	41243.0	39565.0	41929.0	46252.0	49520.0	52189.0	53245.0	55977.0	57869.0	62140.0	65455.0	68910.0	69272.0	72084.0	75522.0	78450.0	81648.0	84759.0	88450.0	92603.0	96317.0	98647.0	88805.0	97904.0	113301.0	127645.0	144472.0	158960.0	175463.0	203334.0	247800.0	328133.0	479487.0	1326178.0	8138665.0	11835532.0
	101
ERR160128_2	27810050.0
	24	26	28	30	32	34	36	38	40	42	44	46	48	50	52	54	56	58	60	62	64	66	68	70	72	74	76	78	80	82	84	86	88	90	92	94	96
ERR160128_2_val_2	34375.0	69567.0	72341.0	76102.0	77492.0	77712.0	79469.0	82064.0	84426.0	86828.0	84216.0	86632.0	100243.0	110132.0	119140.0	133022.0	146540.0	161009.0	178603.0	203741.0	240158.0	297448.0	405264.0	744078.0	1939682.0	1793242.0	1046088.0	563225.0	684197.0	767521.0	1165425.0	1404595.0	1444665.0	1821221.0	1285785.0	3143143.0	4148427.0
	101
ERR160129_1	25095909.0
	24	26	28	30	32	34	36	38	40	42	44	46	48	50	52	54	56	58	60	62	64	66	68	70	72	74	76	78	80	82	84	86	88	90	92	94	96
ERR160129_1_val_1	18185.0	36907.0	35337.0	37441.0	41355.0	44533.0	46500.0	47624.0	50324.0	51793.0	55708.0	58466.0	61011.0	61638.0	64122.0	66961.0	69817.0	72734.0	75348.0	78959.0	82633.0	86419.0	87095.0	79621.0	87230.0	101389.0	113774.0	129166.0	142395.0	158181.0	183533.0	222908.0	294258.0	431631.0	1212801.0	7448323.0	10688287.0
	101
ERR160129_2	25095909.0
	24	26	28	30	32	34	36	38	40	42	44	46	48	50	52	54	56	58	60	62	64	66	68	70	72	74	76	78	80	82	84	86	88	90	92	94	96
ERR160129_2_val_2	29090.0	58552.0	61598.0	63971.0	65848.0	65354.0	66997.0	69256.0	72149.0	73374.0	71737.0	73234.0	85066.0	93811.0	101451.0	113137.0	125341.0	137544.0	152967.0	175363.0	207621.0	256731.0	350569.0	649969.0	1715114.0	1612931.0	950396.0	500157.0	613888.0	697833.0	1067729.0	1289414.0	1330278.0	1683718.0	1184654.0	2901962.0	3855603.0
	101
ERR160130_1	38467480.0
	24	26	28	30	32	34	36	38	40	42	44	46	48	50	52	54	56	58	60	62	64	66	68	70	72	74	76	78	80	82	84	86	88	90	92	94	96
ERR160130_1_val_1	27734.0	57075.0	54529.0	57994.0	64463.0	69568.0	73022.0	74882.0	78913.0	82275.0	87703.0	92972.0	97136.0	97914.0	101673.0	106641.0	111520.0	114461.0	119524.0	125614.0	131660.0	136577.0	139668.0	126080.0	137025.0	159312.0	178587.0	202656.0	223677.0	247389.0	286779.0	349160.0	463835.0	677859.0	1867820.0	11330718.0	16556933.0
	101
ERR160130_2	38467480.0
	24	26	28	30	32	34	36	38	40	42	44	46	48	50	52	54	56	58	60	62	64	66	68	70	72	74	76	78	80	82	84	86	88	90	92	94	96
ERR160130_2_val_2	45308.0	92245.0	96783.0	100760.0	104148.0	102975.0	105161.0	109413.0	113240.0	115421.0	112182.0	114729.0	132959.0	147109.0	159163.0	176658.0	195862.0	215439.0	240137.0	274975.0	324759.0	403407.0	552157.0	1020174.0	2695846.0	2493587.0	1462465.0	777162.0	949361.0	1068650.0	1638752.0	1988182.0	2047565.0	2592921.0	1822886.0	4434534.0	5884273.0
	101
ERR160131_1	28944425.0
	24	26	28	30	32	34	36	38	40	42	44	46	48	50	52	54	56	58	60	62	64	66	68	70	72	74	76	78	80	82	84	86	88	90	92	94	96
ERR160131_1_val_1	18867.0	38551.0	37134.0	39441.0	43483.0	46715.0	49401.0	50237.0	52919.0	55406.0	58668.0	62291.0	64712.0	65319.0	68440.0	72393.0	74908.0	77498.0	81511.0	85111.0	89127.0	92495.0	95370.0	86561.0	94803.0	110212.0	124463.0	141948.0	156134.0	173404.0	202263.0	246437.0	328952.0	486030.0	1362282.0	8288436.0	11986968.0
	101
ERR160131_2	28944425.0
	24	26	28	30	32	34	36	38	40	42	44	46	48	50	52	54	56	58	60	62	64	66	68	70	72	74	76	78	80	82	84	86	88	90	92	94	96
ERR160131_2_val_2	51621.0	104800.0	107866.0	112177.0	113680.0	111614.0	113121.0	115643.0	117792.0	116930.0	111383.0	115141.0	133961.0	147731.0	160479.0	177690.0	193730.0	209730.0	231111.0	261935.0	302775.0	366447.0	486120.0	844440.0	2029675.0	1837556.0	980733.0	585804.0	679595.0	774244.0	1104491.0	1313695.0	1323543.0	1670382.0	1229347.0	2943530.0	3928378.0
	101
ERR160132_1	44150645.0
	24	26	28	30	32	34	36	38	40	42	44	46	48	50	52	54	56	58	60	62	64	66	68	70	72	74	76	78	80	82	84	86	88	90	92	94	96
ERR160132_1_val_1	31066.0	64211.0	61911.0	66246.0	72881.0	78326.0	83361.0	85628.0	89912.0	93652.0	100520.0	105821.0	111247.0	111872.0	116284.0	121378.0	127071.0	130944.0	137019.0	143515.0	150784.0	156315.0	159672.0	144577.0	157283.0	182608.0	207075.0	233577.0	257048.0	285030.0	331255.0	403801.0	535878.0	781702.0	2162965.0	13117285.0	19266471.0
	101
ERR160132_2	44150645.0
	24	26	28	30	32	34	36	38	40	42	44	46	48	50	52	54	56	58	60	62	64	66	68	70	72	74	76	78	80	82	84	86	88	90	92	94	96
ERR160132_2_val_2	49767.0	100755.0	106137.0	110935.0	113820.0	113483.0	116769.0	121080.0	125657.0	128932.0	125947.0	128669.0	149308.0	163474.0	178295.0	197491.0	219411.0	240794.0	267777.0	306844.0	364985.0	451124.0	622044.0	1159826.0	3101380.0	2877259.0	1708282.0	889423.0	1095876.0	1231407.0	1904825.0	2312598.0	2395810.0	3030736.0	2129870.0	5210514.0	6914887.0
	101
ERR160133_1	33059128.0
	24	26	28	30	32	34	36	38	40	42	44	46	48	50	52	54	56	58	60	62	64	66	68	70	72	74	76	78	80	82	84	86	88	90	92	94	96
ERR160133_1_val_1	27101.0	54710.0	52931.0	55480.0	61490.0	65810.0	69443.0	70143.0	73339.0	76976.0	81959.0	85477.0	89500.0	90458.0	93386.0	97951.0	101052.0	104669.0	108180.0	113579.0	118856.0	123810.0	124820.0	112297.0	123587.0	142478.0	160413.0	180436.0	197802.0	219016.0	254942.0	306928.0	404635.0	587118.0	1582249.0	9508458.0	13804424.0
	101
ERR160133_2	33059128.0
	24	26	28	30	32	34	36	38	40	42	44	46	48	50	52	54	56	58	60	62	64	66	68	70	72	74	76	78	80	82	84	86	88	90	92	94	96
ERR160133_2_val_2	39106.0	78878.0	82084.0	86335.0	88743.0	88256.0	90498.0	93653.0	97896.0	99440.0	97033.0	99174.0	114453.0	125828.0	135990.0	151546.0	166687.0	182705.0	204893.0	234509.0	275223.0	341612.0	468271.0	865957.0	2278697.0	2103156.0	1239117.0	654858.0	800001.0	898806.0	1384721.0	1676896.0	1731911.0	2192643.0	1533636.0	3746374.0	4976317.0
	101
ERR160134_1	50272110.0
	24	26	28	30	32	34	36	38	40	42	44	46	48	50	52	54	56	58	60	62	64	66	68	70	72	74	76	78	80	82	84	86	88	90	92	94	96
ERR160134_1_val_1	36908.0	74909.0	72744.0	77632.0	86096.0	93034.0	97936.0	100796.0	105338.0	110207.0	117312.0	123237.0	129650.0	130863.0	136454.0	142022.0	146997.0	153308.0	158888.0	166218.0	174301.0	181761.0	185566.0	166868.0	182525.0	211654.0	237092.0	268257.0	295742.0	325837.0	380966.0	461956.0	610589.0	887839.0	2450361.0	14721900.0	21385930.0
	101
ERR160134_2	50272110.0
	24	26	28	30	32	34	36	38	40	42	44	46	48	50	52	54	56	58	60	62	64	66	68	70	72	74	76	78	80	82	84	86	88	90	92	94	96
ERR160134_2_val_2	62895.0	127873.0	133668.0	139306.0	143211.0	142500.0	146374.0	152067.0	157297.0	159597.0	155520.0	158850.0	184060.0	202968.0	219194.0	243959.0	268234.0	295688.0	330026.0	376491.0	445491.0	550155.0	754017.0	1374048.0	3547966.0	3291415.0	1898412.0	1031028.0	1247050.0	1408539.0	2128143.0	2571078.0	2634272.0	3309674.0	2332596.0	5611763.0	7454268.0
	101
ERR160135_1	29568882.0
	24	26	28	30	32	34	36	38	40	42	44	46	48	50	52	54	56	58	60	62	64	66	68	70	72	74	76	78	80	82	84	86	88	90	92	94	96
ERR160135_1_val_1	19770.0	40787.0	38883.0	39876.0	43633.0	45972.0	49127.0	50077.0	52797.0	55692.0	58746.0	62160.0	63467.0	63952.0	67633.0	70753.0	73874.0	75600.0	79203.0	83309.0	86811.0	90552.0	92809.0	84931.0	94164.0	107871.0	123501.0	139660.0	148779.0	168590.0	197488.0	241708.0	314364.0	461829.0	1386275.0	9094305.0	13105894.0
	101
ERR160135_2	29568882.0
	24	26	28	30	32	34	36	38	40	42	44	46	48	50	52	54	56	58	60	62	64	66	68	70	72	74	76	78	80	82	84	86	88	90	92	94	96
ERR160135_2_val_2	29534.0	59911.0	61821.0	66463.0	68676.0	68609.0	68670.0	71219.0	74777.0	76444.0	73440.0	76974.0	90488.0	98290.0	106525.0	116580.0	129006.0	140826.0	159734.0	182830.0	215019.0	259094.0	350983.0	655190.0	1768322.0	2180969.0	1112909.0	787183.0	1475249.0	731804.0	774859.0	1329947.0	1281290.0	975272.0	1644502.0	4151117.0	5560316.0
	101
ERR160136_1	34075575.0
	24	26	28	30	32	34	36	38	40	42	44	46	48	50	52	54	56	58	60	62	64	66	68	70	72	74	76	78	80	82	84	86	88	90	92	94	96
ERR160136_1_val_1	22654.0	47087.0	44978.0	45856.0	50270.0	53200.0	56413.0	58047.0	61112.0	65295.0	68842.0	72277.0	73353.0	75576.0	79474.0	83086.0	86999.0	89646.0	93681.0	98811.0	102431.0	106856.0	111025.0	101423.0	111308.0	128816.0	147661.0	165472.0	180168.0	202248.0	236931.0	288719.0	376816.0	554908.0	1619909.0	10437803.0	15084778.0
	101
ERR160136_2	34075575.0
	24	26	28	30	32	34	36	38	40	42	44	46	48	50	52	54	56	58	60	62	64	66	68	70	72	74	76	78	80	82	84	86	88	90	92	94	96
ERR160136_2_val_2	37135.0	75561.0	77464.0	82655.0	85166.0	85067.0	85231.0	89149.0	92722.0	94672.0	90652.0	94277.0	111368.0	121563.0	131201.0	143538.0	159346.0	174030.0	196690.0	225514.0	263269.0	316276.0	431787.0	795022.0	2094163.0	2576096.0	1320201.0	928908.0	1709964.0	861812.0	912456.0	1541030.0	1484927.0	1129611.0	1866654.0	4633959.0	6164793.0
	101
ERR160137_1	45152396.0
	24	26	28	30	32	34	36	38	40	42	44	46	48	50	52	54	56	58	60	62	64	66	68	70	72	74	76	78	80	82	84	86	88	90	92	94	96
ERR160137_1_val_1	29692.0	61832.0	59380.0	59909.0	66839.0	70867.0	75489.0	78255.0	82012.0	86291.0	92158.0	96913.0	99305.0	100592.0	105232.0	110837.0	115411.0	120748.0	125120.0	131930.0	136488.0	143945.0	145589.0	135506.0	147675.0	171360.0	195836.0	221402.0	238483.0	269735.0	316395.0	387369.0	504156.0	741748.0	2186179.0	13899771.0	20078688.0
	101
ERR160137_2	45152396.0
	24	26	28	30	32	34	36	38	40	42	44	46	48	50	52	54	56	58	60	62	64	66	68	70	72	74	76	78	80	82	84	86	88	90	92	94	96
ERR160137_2_val_2	48124.0	97639.0	100377.0	107421.0	111905.0	111104.0	111960.0	116228.0	120658.0	124777.0	119289.0	123764.0	146293.0	158767.0	172851.0	188781.0	208938.0	229333.0	259493.0	298548.0	350040.0	423108.0	573847.0	1057465.0	2780587.0	3449646.0	1792649.0	1256525.0	2296893.0	1169059.0	1231054.0	2071213.0	1971735.0	1525431.0	2492141.0	6110096.0	8181398.0
	101
ERR160138_1	31584186.0
	24	26	28	30	32	34	36	38	40	42	44	46	48	50	52	54	56	58	60	62	64	66	68	70	72	74	76	78	80	82	84	86	88	90	92	94	96
ERR160138_1_val_1	20042.0	41224.0	39917.0	40418.0	45024.0	47229.0	50611.0	52429.0	55159.0	57983.0	61631.0	65201.0	66297.0	67037.0	70026.0	74024.0	77400.0	80146.0	83805.0	88153.0	91347.0	95840.0	97652.0	89835.0	98531.0	115256.0	132980.0	147850.0	158392.0	179899.0	212650.0	260713.0	338511.0	500722.0	1518663.0	9791500.0	14106990.0
	101
ERR160138_2	31584186.0
	24	26	28	30	32	34	36	38	40	42	44	46	48	50	52	54	56	58	60	62	64	66	68	70	72	74	76	78	80	82	84	86	88	90	92	94	96
ERR160138_2_val_2	32817.0	67075.0	68935.0	74111.0	76342.0	76462.0	76703.0	79474.0	82398.0	84638.0	82155.0	85501.0	100280.0	109491.0	119358.0	129942.0	143882.0	157156.0	177536.0	203975.0	238669.0	287781.0	391535.0	724952.0	1927514.0	2379645.0	1225039.0	858097.0	1590554.0	795183.0	838116.0	1429936.0	1369862.0	1047679.0	1749424.0	4361632.0	5877238.0
	101
ERR160139_1	23568325.0
	24	26	28	30	32	34	36	38	40	42	44	46	48	50	52	54	56	58	60	62	64	66	68	70	72	74	76	78	80	82	84	86	88	90	92	94	96
ERR160139_1_val_1	15683.0	31971.0	31010.0	31727.0	34877.0	36919.0	39024.0	40331.0	42413.0	44991.0	46524.0	49839.0	50510.0	51447.0	53699.0	56533.0	59291.0	60410.0	64068.0	66796.0	69078.0	72559.0	74057.0	68109.0	74697.0	86739.0	99154.0	111429.0	120674.0	135315.0	159244.0	193796.0	252267.0	372449.0	1113760.0	7212409.0	10405450.0
	101
ERR160139_2	23568325.0
	24	26	28	30	32	34	36	38	40	42	44	46	48	50	52	54	56	58	60	62	64	66	68	70	72	74	76	78	80	82	84	86	88	90	92	94	96
ERR160139_2_val_2	24479.0	49888.0	51344.0	54769.0	57271.0	57309.0	57247.0	59484.0	61520.0	63520.0	61074.0	63273.0	74634.0	81158.0	87788.0	96205.0	106407.0	116468.0	131910.0	151097.0	176749.0	213769.0	289197.0	533710.0	1403786.0	1744900.0	912608.0	639596.0	1179346.0	594439.0	623648.0	1057117.0	991931.0	780465.0	1294230.0	3240017.0	4346896.0
	101
ERR160140_1	37258263.0
	24	26	28	30	32	34	36	38	40	42	44	46	48	50	52	54	56	58	60	62	64	66	68	70	72	74	76	78	80	82	84	86	88	90	92	94	96
ERR160140_1_val_1	24238.0	49961.0	47633.0	48751.0	53538.0	57244.0	60489.0	62961.0	66167.0	70052.0	73732.0	78231.0	79552.0	80781.0	84098.0	89055.0	92987.0	95645.0	99497.0	105142.0	109141.0	114163.0	116737.0	107481.0	117763.0	136919.0	156147.0	177442.0	189073.0	214318.0	252851.0	308647.0	401416.0	592467.0	1788665.0	11548737.0	16671879.0
	101
ERR160140_2	37258263.0
	24	26	28	30	32	34	36	38	40	42	44	46	48	50	52	54	56	58	60	62	64	66	68	70	72	74	76	78	80	82	84	86	88	90	92	94	96
ERR160140_2_val_2	36654.0	74860.0	76956.0	83488.0	86394.0	85650.0	86627.0	89857.0	93639.0	96543.0	92539.0	96662.0	114733.0	122841.0	135044.0	146976.0	162370.0	178108.0	200689.0	231552.0	270381.0	327923.0	447003.0	835113.0	2254192.0	2786392.0	1422002.0	1003465.0	1879187.0	933754.0	987148.0	1691878.0	1625363.0	1240632.0	2093791.0	5247512.0	7085682.0
	101
ERR160141_1	28058927.0
	24	26	28	30	32	34	36	38	40	42	44	46	48	50	52	54	56	58	60	62	64	66	68	70	72	74	76	78	80	82	84	86	88	90	92	94	96
ERR160141_1_val_1	17395.0	35557.0	36402.0	34681.0	37619.0	40167.0	44357.0	46692.0	48753.0	51109.0	51145.0	54091.0	57257.0	59170.0	63265.0	67393.0	70272.0	71834.0	76555.0	81128.0	85345.0	90049.0	90586.0	85645.0	96298.0	107403.0	124830.0	131003.0	150017.0	179963.0	191951.0	226944.0	308527.0	480025.0	1454015.0	8446250.0	12215860.0
	101
ERR160141_2	28058927.0
	24	26	28	30	32	34	36	38	40	42	44	46	48	50	52	54	56	58	60	62	64	66	68	70	72	74	76	78	80	82	84	86	88	90	92	94	96
ERR160141_2_val_2	29923.0	62783.0	68040.0	73459.0	76241.0	79095.0	81290.0	84482.0	87618.0	90049.0	87866.0	90744.0	105645.0	118220.0	128621.0	139638.0	153814.0	167972.0	188459.0	214205.0	251015.0	308924.0	434124.0	859232.0	2337916.0	1300526.0	1183218.0	1064973.0	586604.0	584457.0	707679.0	865397.0	857332.0	1078900.0	1597147.0	3980210.0	5383735.0
	101
ERR160142_1	26381226.0
	24	26	28	30	32	34	36	38	40	42	44	46	48	50	52	54	56	58	60	62	64	66	68	70	72	74	76	78	80	82	84	86	88	90	92	94	96
ERR160142_1_val_1	16805.0	33890.0	35115.0	33567.0	36933.0	39428.0	43251.0	45423.0	48040.0	49480.0	49281.0	52086.0	56369.0	57783.0	62199.0	65481.0	68202.0	70151.0	74326.0	79359.0	83124.0	87531.0	88830.0	83404.0	92589.0	104682.0	122253.0	125907.0	144282.0	170908.0	180117.0	212876.0	290517.0	449926.0	1337211.0	7843368.0	11511720.0
	101
ERR160142_2	26381226.0
	24	26	28	30	32	34	36	38	40	42	44	46	48	50	52	54	56	58	60	62	64	66	68	70	72	74	76	78	80	82	84	86	88	90	92	94	96
ERR160142_2_val_2	25847.0	54938.0	59751.0	63498.0	66767.0	69258.0	70998.0	74284.0	76848.0	79169.0	77389.0	80239.0	93363.0	104449.0	112825.0	122672.0	135720.0	147489.0	165321.0	188034.0	220198.0	272399.0	383338.0	769917.0	2142819.0	1176738.0	1077854.0	977800.0	532504.0	528666.0	647076.0	803100.0	799897.0	1017207.0	1542114.0	3927388.0	5258540.0
	101
ERR160143_1	29868417.0
	24	26	28	30	32	34	36	38	40	42	44	46	48	50	52	54	56	58	60	62	64	66	68	70	72	74	76	78	80	82	84	86	88	90	92	94	96
ERR160143_1_val_1	20969.0	42215.0	44007.0	41859.0	45495.0	48814.0	53673.0	55900.0	59038.0	60936.0	61255.0	64288.0	68851.0	70939.0	75603.0	79459.0	82564.0	84462.0	88849.0	95341.0	99837.0	105403.0	106041.0	99093.0	111023.0	124369.0	144072.0	148566.0	170292.0	200993.0	213423.0	251110.0	338725.0	521747.0	1509390.0	8667052.0	12833854.0
	101
ERR160143_2	29868417.0
	24	26	28	30	32	34	36	38	40	42	44	46	48	50	52	54	56	58	60	62	64	66	68	70	72	74	76	78	80	82	84	86	88	90	92	94	96
ERR160143_2_val_2	29507.0	62101.0	67167.0	72192.0	75684.0	77802.0	79711.0	83495.0	86460.0	89069.0	87401.0	90065.0	104318.0	115744.0	125653.0	137895.0	151513.0	163972.0	184201.0	209453.0	246230.0	303036.0	427097.0	855420.0	2381385.0	1317884.0	1203524.0	1097914.0	598655.0	598687.0	732107.0	908926.0	910751.0	1154900.0	1750938.0	4414017.0	5894633.0
	101
ERR160144_1	31406779.0
	24	26	28	30	32	34	36	38	40	42	44	46	48	50	52	54	56	58	60	62	64	66	68	70	72	74	76	78	80	82	84	86	88	90	92	94	96
ERR160144_1_val_1	22238.0	45008.0	47044.0	44878.0	49464.0	52647.0	57148.0	60574.0	63315.0	65853.0	66090.0	68778.0	74340.0	75846.0	80407.0	85125.0	87821.0	90441.0	95601.0	102459.0	106735.0	110902.0	112738.0	106027.0	118003.0	133197.0	153523.0	158697.0	182864.0	218797.0	231151.0	272764.0	369115.0	564642.0	1631965.0	9220146.0	13243631.0
	101
ERR160144_2	31406779.0
	24	26	28	30	32	34	36	38	40	42	44	46	48	50	52	54	56	58	60	62	64	66	68	70	72	74	76	78	80	82	84	86	88	90	92	94	96
ERR160144_2_val_2	31865.0	67105.0	72871.0	78106.0	82568.0	85642.0	87954.0	91203.0	94664.0	97498.0	95002.0	98604.0	114624.0	127752.0	139213.0	151289.0	166407.0	181730.0	204097.0	230231.0	271564.0	333425.0	469131.0	931365.0	2558546.0	1411242.0	1281140.0	1155966.0	634770.0	632843.0	768734.0	952651.0	942852.0	1197358.0	1797041.0	4495683.0	6137238.0
	101
ERR160145_1	38081244.0
	24	26	28	30	32	34	36	38	40	42	44	46	48	50	52	54	56	58	60	62	64	66	68	70	72	74	76	78	80	82	84	86	88	90	92	94	96
ERR160145_1_val_1	24664.0	49463.0	51585.0	49374.0	53940.0	58222.0	63477.0	66917.0	70727.0	73667.0	73522.0	78003.0	83351.0	85774.0	91218.0	96042.0	99905.0	102833.0	108960.0	116488.0	121617.0	127673.0	129904.0	121047.0	135969.0	153186.0	177972.0	184578.0	211732.0	251882.0	266143.0	313785.0	426320.0	660128.0	1947630.0	11231889.0	16471784.0
	101
ERR160145_2	38081244.0
	24	26	28	30	32	34	36	38	40	42	44	46	48	50	52	54	56	58	60	62	64	66	68	70	72	74	76	78	80	82	84	86	88	90	92	94	96
ERR160145_2_val_2	39678.0	83820.0	90780.0	97059.0	101815.0	105114.0	108024.0	112647.0	117124.0	119234.0	116881.0	120897.0	139983.0	155767.0	169115.0	184080.0	203434.0	220965.0	248450.0	281076.0	330686.0	406725.0	571391.0	1135645.0	3122226.0	1718467.0	1562773.0	1406849.0	772296.0	767711.0	934795.0	1157098.0	1144693.0	1451105.0	2190706.0	5510199.0	7432063.0
	101
ERR160146_1	29806267.0
	24	26	28	30	32	34	36	38	40	42	44	46	48	50	52	54	56	58	60	62	64	66	68	70	72	74	76	78	80	82	84	86	88	90	92	94	96
ERR160146_1_val_1	20265.0	41413.0	42514.0	40388.0	44129.0	47636.0	52424.0	54943.0	57541.0	59952.0	60480.0	64029.0	67822.0	69373.0	74643.0	78354.0	81405.0	84460.0	88581.0	94815.0	99012.0	103808.0	105060.0	97929.0	109842.0	124017.0	143244.0	148686.0	169941.0	203015.0	214627.0	252581.0	341901.0	527442.0	1532853.0	8788932.0	12861362.0
	101
ERR160146_2	29806267.0
	24	26	28	30	32	34	36	38	40	42	44	46	48	50	52	54	56	58	60	62	64	66	68	70	72	74	76	78	80	82	84	86	88	90	92	94	96
ERR160146_2_val_2	29730.0	62287.0	66964.0	71912.0	75646.0	78422.0	80801.0	83326.0	87249.0	89144.0	87775.0	89959.0	104687.0	116500.0	126914.0	137745.0	152093.0	165326.0	185736.0	210900.0	247886.0	304139.0	430294.0	862238.0	2412785.0	1323151.0	1205973.0	1094233.0	595870.0	593510.0	726066.0	907968.0	901710.0	1150150.0	1754387.0	4439528.0	5996415.0
	101
ERR160147_1	20529750.0
	24	26	28	30	32	34	36	38	40	42	44	46	48	50	52	54	56	58	60	62	64	66	68	70	72	74	76	78	80	82	84	86	88	90	92	94	96
ERR160147_1_val_1	30.0	41.0	44.0	41.0	40.0	27.0	42.0	35.0	46.0	30.0	40.0	48.0	58.0	58.0	53.0	83.0	119.0	117.0	121.0	123.0	111.0	241.0	110.0	150.0	273.0	203.0	361.0	562.0	605.0	1512.0	2595.0	3620.0	3293.0	23830.0	640253.0	7138466.0	12709928.0
	101
ERR160147_2	20529750.0
	24	26	28	30	32	34	36	38	40	42	44	46	48	50	52	54	56	58	60	62	64	66	68	70	72	74	76	78	80	82	84	86	88	90	92	94	96
ERR160147_2_val_2	31.0	40.0	45.0	41.0	35.0	53.0	41.0	29.0	47.0	27.0	49.0	43.0	48.0	59.0	52.0	84.0	118.0	111.0	114.0	127.0	120.0	198.0	96.0	125.0	189.0	173.0	271.0	429.0	472.0	1165.0	2028.0	2742.0	2687.0	21475.0	504495.0	6490725.0	13498725.0
	101
ERR160148_1	26939256.0
	24	26	28	30	32	34	36	38	40	42	44	46	48	50	52	54	56	58	60	62	64	66	68	70	72	74	76	78	80	82	84	86	88	90	92	94	96
ERR160148_1_val_1	20970.0	43147.0	44156.0	44171.0	44333.0	44157.0	44684.0	47598.0	49642.0	52103.0	53100.0	54037.0	56033.0	59161.0	62309.0	66408.0	67175.0	71266.0	74885.0	78772.0	82359.0	82611.0	80190.0	72635.0	80495.0	93977.0	104158.0	109303.0	124537.0	141906.0	166155.0	205470.0	255598.0	364589.0	1134086.0	7859324.0	12943123.0
	101
ERR160148_2	26939256.0
	24	26	28	30	32	34	36	38	40	42	44	46	48	50	52	54	56	58	60	62	64	66	68	70	72	74	76	78	80	82	84	86	88	90	92	94	96
ERR160148_2_val_2	22026.0	44536.0	48734.0	48856.0	49116.0	48918.0	47746.0	51052.0	54933.0	59939.0	60263.0	65898.0	67233.0	58370.0	56946.0	59899.0	66061.0	71855.0	73505.0	77777.0	82826.0	86614.0	93315.0	103146.0	111245.0	120936.0	129665.0	145472.0	172266.0	198843.0	220330.0	252006.0	331152.0	465989.0	1160399.0	7317062.0	12853694.0
	101
ERR160149_1	23182732.0
	24	26	28	30	32	34	36	38	40	42	44	46	48	50	52	54	56	58	60	62	64	66	68	70	72	74	76	78	80	82	84	86	88	90	92	94	96
ERR160149_1_val_1	18039.0	36583.0	37365.0	37266.0	37644.0	37368.0	37809.0	39915.0	41720.0	43919.0	44282.0	45371.0	47066.0	50042.0	52225.0	55903.0	56312.0	59821.0	62757.0	65470.0	69463.0	69141.0	66739.0	60597.0	66673.0	78297.0	86576.0	90592.0	103097.0	117815.0	137410.0	170639.0	209902.0	301751.0	962756.0	6752692.0	11199601.0
	101
ERR160149_2	23182732.0
	24	26	28	30	32	34	36	38	40	42	44	46	48	50	52	54	56	58	60	62	64	66	68	70	72	74	76	78	80	82	84	86	88	90	92	94	96
ERR160149_2_val_2	18191.0	36990.0	40123.0	39940.0	40704.0	40589.0	39466.0	41956.0	45867.0	49666.0	50235.0	54695.0	55717.0	47982.0	47666.0	50149.0	54953.0	59627.0	61134.0	64374.0	69146.0	71416.0	78062.0	85415.0	92095.0	99769.0	107129.0	119494.0	143319.0	165284.0	181151.0	208743.0	273119.0	386050.0	984576.0	6314092.0	11131734.0
	101
ERR160150_1	21698497.0
	24	26	28	30	32	34	36	38	40	42	44	46	48	50	52	54	56	58	60	62	64	66	68	70	72	74	76	78	80	82	84	86	88	90	92	94	96
ERR160150_1_val_1	16388.0	32310.0	33111.0	33418.0	33368.0	33082.0	33757.0	35266.0	37027.0	39007.0	39244.0	40255.0	42472.0	44593.0	46337.0	49410.0	50492.0	53355.0	56071.0	58227.0	61132.0	61809.0	59359.0	53273.0	58850.0	69095.0	76446.0	79700.0	91717.0	104959.0	122363.0	152339.0	190530.0	274831.0	849723.0	6139393.0	10788042.0
	101
ERR160150_2	21698497.0
	24	26	28	30	32	34	36	38	40	42	44	46	48	50	52	54	56	58	60	62	64	66	68	70	72	74	76	78	80	82	84	86	88	90	92	94	96
ERR160150_2_val_2	17971.0	36312.0	38808.0	39180.0	40233.0	39259.0	38445.0	40705.0	44261.0	48252.0	48484.0	52999.0	53475.0	46819.0	45466.0	47451.0	52418.0	56971.0	58040.0	61926.0	64866.0	67714.0	73498.0	80148.0	87195.0	93808.0	100540.0	112668.0	134509.0	155056.0	170602.0	195382.0	257435.0	366698.0	952531.0	6033548.0	10187078.0
	101
ERR160151_1	22777283.0
	24	26	28	30	32	34	36	38	40	42	44	46	48	50	52	54	56	58	60	62	64	66	68	70	72	74	76	78	80	82	84	86	88	90	92	94	96
ERR160151_1_val_1	18216.0	36981.0	37873.0	37798.0	37551.0	37625.0	38063.0	40420.0	42541.0	44105.0	44808.0	46126.0	48229.0	50906.0	54064.0	57144.0	57384.0	61507.0	64946.0	68065.0	71460.0	72084.0	70722.0	64866.0	71401.0	83500.0	92435.0	97749.0	109613.0	125502.0	144633.0	177907.0	218730.0	305624.0	950289.0	6569801.0	10798067.0
	101
ERR160151_2	22777283.0
	24	26	28	30	32	34	36	38	40	42	44	46	48	50	52	54	56	58	60	62	64	66	68	70	72	74	76	78	80	82	84	86	88	90	92	94	96
ERR160151_2_val_2	17482.0	35405.0	37901.0	38228.0	38591.0	37997.0	37225.0	39511.0	43371.0	47262.0	47246.0	52783.0	53145.0	46510.0	46366.0	48600.0	53700.0	58992.0	60462.0	64024.0	69138.0	71719.0	77496.0	86358.0	93042.0	101859.0	109463.0	122529.0	144178.0	167591.0	184166.0	209828.0	273104.0	382498.0	966108.0	6160457.0	10824400.0
	101
ERR160152_1	19125261.0
	24	26	28	30	32	34	36	38	40	42	44	46	48	50	52	54	56	58	60	62	64	66	68	70	72	74	76	78	80	82	84	86	88	90	92	94	96
ERR160152_1_val_1	15441.0	31569.0	32302.0	32498.0	32141.0	32270.0	32690.0	34636.0	36448.0	37720.0	39185.0	39573.0	41808.0	44508.0	46436.0	49694.0	50858.0	54087.0	56618.0	59306.0	63062.0	63255.0	62290.0	57871.0	64050.0	74104.0	81789.0	85803.0	97196.0	109691.0	126246.0	152977.0	187115.0	259836.0	803238.0	5491945.0	8955476.0
	101
ERR160152_2	19125261.0
	24	26	28	30	32	34	36	38	40	42	44	46	48	50	52	54	56	58	60	62	64	66	68	70	72	74	76	78	80	82	84	86	88	90	92	94	96
ERR160152_2_val_2	14679.0	29508.0	31844.0	32059.0	32372.0	32395.0	31492.0	34151.0	37201.0	40397.0	40775.0	44946.0	46002.0	40654.0	40844.0	42831.0	48092.0	51671.0	52884.0	56348.0	60381.0	63919.0	69452.0	76195.0	82795.0	89624.0	97161.0	107158.0	126724.0	145686.0	158673.0	180857.0	233230.0	323810.0	809744.0	5120592.0	9008586.0
	101
ERR160153_1	27912691.0
	24	26	28	30	32	34	36	38	40	42	44	46	48	50	52	54	56	58	60	62	64	66	68	70	72	74	76	78	80	82	84	86	88	90	92	94	96
ERR160153_1_val_1	12879.0	26360.0	26945.0	27791.0	27934.0	27352.0	28731.0	30826.0	32474.0	32917.0	34452.0	36135.0	38134.0	39455.0	41149.0	42876.0	44197.0	46961.0	48511.0	50576.0	52489.0	53731.0	54895.0	50708.0	54928.0	64613.0	71506.0	80330.0	90796.0	103383.0	120888.0	149443.0	198514.0	294963.0	1051468.0	8395947.0	14919273.0
	101
ERR160153_2	27912691.0
	24	26	28	30	32	34	36	38	40	42	44	46	48	50	52	54	56	58	60	62	64	66	68	70	72	74	76	78	80	82	84	86	88	90	92	94	96
ERR160153_2_val_2	16071.0	32522.0	32453.0	33750.0	34789.0	35154.0	36663.0	36801.0	39173.0	42811.0	43111.0	51230.0	56684.0	45657.0	40932.0	41528.0	45818.0	50092.0	53351.0	56607.0	59534.0	61682.0	67263.0	73828.0	79847.0	86977.0	95916.0	108394.0	119994.0	139575.0	171396.0	205183.0	260268.0	391305.0	1209051.0	8242098.0	14307022.0
	101
ERR160154_1	22744682.0
	24	26	28	30	32	34	36	38	40	42	44	46	48	50	52	54	56	58	60	62	64	66	68	70	72	74	76	78	80	82	84	86	88	90	92	94	96
ERR160154_1_val_1	11445.0	22904.0	22996.0	23272.0	23308.0	23063.0	23701.0	25482.0	26508.0	27023.0	28147.0	29150.0	31011.0	32202.0	33774.0	35306.0	36622.0	37913.0	39493.0	41351.0	43318.0	43968.0	44582.0	40792.0	45055.0	52148.0	57710.0	64708.0	72643.0	82971.0	97378.0	120177.0	159088.0	238684.0	887980.0	6984411.0	11998587.0
	101
ERR160154_2	22744682.0
	24	26	28	30	32	34	36	38	40	42	44	46	48	50	52	54	56	58	60	62	64	66	68	70	72	74	76	78	80	82	84	86	88	90	92	94	96
ERR160154_2_val_2	12930.0	26125.0	26176.0	26711.0	27170.0	27672.0	28522.0	29348.0	30577.0	33352.0	33974.0	40442.0	44104.0	35758.0	32368.0	32753.0	36413.0	39247.0	41740.0	44047.0	46965.0	48901.0	52554.0	57499.0	62353.0	68384.0	75480.0	84906.0	93403.0	110082.0	135192.0	161212.0	205729.0	308654.0	959459.0	6654075.0	11834594.0
	101
ERR160155_1	18887968.0
	24	26	28	30	32	34	36	38	40	42	44	46	48	50	52	54	56	58	60	62	64	66	68	70	72	74	76	78	80	82	84	86	88	90	92	94	96
ERR160155_1_val_1	9510.0	19294.0	19669.0	19776.0	19901.0	19231.0	20083.0	21759.0	22500.0	22854.0	23672.0	25082.0	26353.0	27669.0	28615.0	29790.0	30800.0	32945.0	33603.0	34837.0	36543.0	36929.0	37384.0	34263.0	37516.0	44108.0	48940.0	54477.0	60962.0	69917.0	81540.0	101244.0	134315.0	200139.0	736447.0	5789780.0	9919602.0
	101
ERR160155_2	18887968.0
	24	26	28	30	32	34	36	38	40	42	44	46	48	50	52	54	56	58	60	62	64	66	68	70	72	74	76	78	80	82	84	86	88	90	92	94	96
ERR160155_2_val_2	11029.0	22607.0	22479.0	23218.0	23859.0	23760.0	24926.0	24536.0	25855.0	28895.0	29415.0	35127.0	37988.0	30710.0	27705.0	28343.0	30846.0	33943.0	36034.0	37921.0	40304.0	41421.0	45068.0	49288.0	53392.0	58112.0	63743.0	71797.0	78938.0	92666.0	114385.0	135761.0	173347.0	259723.0	796407.0	5499320.0	9779181.0
	101
ERR160156_1	22743870.0
	24	26	28	30	32	34	36	38	40	42	44	46	48	50	52	54	56	58	60	62	64	66	68	70	72	74	76	78	80	82	84	86	88	90	92	94	96
ERR160156_1_val_1	12348.0	24856.0	25049.0	25297.0	25377.0	24739.0	25827.0	27165.0	28498.0	28554.0	30185.0	31634.0	33042.0	34092.0	35751.0	37434.0	38747.0	41061.0	42213.0	43948.0	45669.0	46451.0	46673.0	43418.0	47386.0	55681.0	61227.0	68450.0	77321.0	87938.0	102533.0	126109.0	166000.0	245106.0	888117.0	6860344.0	11769692.0
	101
ERR160156_2	22743870.0
	24	26	28	30	32	34	36	38	40	42	44	46	48	50	52	54	56	58	60	62	64	66	68	70	72	74	76	78	80	82	84	86	88	90	92	94	96
ERR160156_2_val_2	13625.0	27730.0	27794.0	28408.0	28778.0	29700.0	30150.0	30290.0	32187.0	35443.0	35618.0	42673.0	46623.0	37910.0	34403.0	35023.0	38692.0	41956.0	44217.0	47022.0	50057.0	52165.0	56178.0	61671.0	66758.0	73077.0	79918.0	90047.0	100030.0	116378.0	143175.0	170091.0	213519.0	318579.0	957627.0	6502939.0	11613481.0
	101
ERR160157_1	21044557.0
	24	26	28	30	32	34	36	38	40	42	44	46	48	50	52	54	56	58	60	62	64	66	68	70	72	74	76	78	80	82	84	86	88	90	92	94	96
ERR160157_1_val_1	11023.0	22103.0	22579.0	22867.0	22753.0	22258.0	22908.0	24798.0	25534.0	25892.0	27323.0	28630.0	30190.0	31314.0	32596.0	34453.0	35045.0	36382.0	37873.0	39382.0	41583.0	41860.0	42691.0	39094.0	43479.0	50006.0	55203.0	62174.0	69559.0	79290.0	93021.0	114247.0	151134.0	223388.0	811697.0	6351604.0	10911413.0
	101
ERR160157_2	21044557.0
	24	26	28	30	32	34	36	38	40	42	44	46	48	50	52	54	56	58	60	62	64	66	68	70	72	74	76	78	80	82	84	86	88	90	92	94	96
ERR160157_2_val_2	12275.0	24834.0	24898.0	25455.0	26081.0	26687.0	27364.0	27134.0	28816.0	31603.0	32428.0	38229.0	41914.0	33835.0	30747.0	31626.0	34838.0	37424.0	39726.0	42603.0	44977.0	46638.0	50560.0	55605.0	59757.0	65754.0	71991.0	81451.0	89545.0	104339.0	129200.0	153579.0	193703.0	289796.0	882886.0	6061145.0	10737903.0
	101
ERR160158_1	20719794.0
	24	26	28	30	32	34	36	38	40	42	44	46	48	50	52	54	56	58	60	62	64	66	68	70	72	74	76	78	80	82	84	86	88	90	92	94	96
ERR160158_1_val_1	11066.0	22068.0	22198.0	22559.0	22598.0	22155.0	23224.0	24622.0	25203.0	26001.0	26897.0	28357.0	29974.0	30744.0	32281.0	33632.0	35098.0	36526.0	37856.0	39024.0	41189.0	41342.0	42240.0	39339.0	42896.0	49836.0	55491.0	62018.0	69210.0	78491.0	92271.0	113922.0	149660.0	222046.0	809434.0	6289695.0	10785971.0
	101
ERR160158_2	20719794.0
	24	26	28	30	32	34	36	38	40	42	44	46	48	50	52	54	56	58	60	62	64	66	68	70	72	74	76	78	80	82	84	86	88	90	92	94	96
ERR160158_2_val_2	11829.0	23807.0	24000.0	24654.0	25331.0	25720.0	26379.0	26706.0	28166.0	30601.0	31250.0	37491.0	40434.0	32587.0	29725.0	30638.0	33683.0	36512.0	38320.0	41045.0	43650.0	44838.0	48946.0	53876.0	58085.0	63924.0	70156.0	78703.0	87385.0	101989.0	126092.0	149998.0	190058.0	284603.0	869986.0	5988802.0	10677165.0
	101
ERR160159_1	21047562.0
	24	26	28	30	32	34	36	38	40	42	44	46	48	50	52	54	56	58	60	62	64	66	68	70	72	74	76	78	80	82	84	86	88	90	92	94	96
ERR160159_1_val_1	10546.0	21697.0	21554.0	21880.0	22435.0	22260.0	22951.0	24642.0	25453.0	26203.0	27362.0	29390.0	30465.0	31083.0	32160.0	33767.0	35486.0	37098.0	39441.0	41645.0	43072.0	42631.0	43371.0	40090.0	44334.0	50623.0	56442.0	64374.0	72429.0	82999.0	97863.0	115373.0	147737.0	210701.0	801889.0	6383942.0	11025359.0
	101
ERR160159_2	21047562.0
	24	26	28	30	32	34	36	38	40	42	44	46	48	50	52	54	56	58	60	62	64	66	68	70	72	74	76	78	80	82	84	86	88	90	92	94	96
ERR160159_2_val_2	10772.0	22470.0	23154.0	24049.0	23673.0	24408.0	24972.0	25950.0	27796.0	30361.0	31622.0	37537.0	38431.0	31779.0	30089.0	31018.0	34471.0	37934.0	39780.0	41718.0	44891.0	47468.0	52612.0	57524.0	62216.0	65649.0	71223.0	78080.0	89454.0	106368.0	126171.0	156216.0	218798.0	312838.0	873419.0	6098471.0	10827365.0
	101
ERR160160_1	17165877.0
	24	26	28	30	32	34	36	38	40	42	44	46	48	50	52	54	56	58	60	62	64	66	68	70	72	74	76	78	80	82	84	86	88	90	92	94	96
ERR160160_1_val_1	9474.0	19093.0	19034.0	18912.0	19120.0	19137.0	19562.0	20691.0	21352.0	21830.0	23190.0	24447.0	25740.0	25837.0	27030.0	28166.0	29409.0	30506.0	32243.0	33867.0	35326.0	34685.0	34718.0	32406.0	35348.0	41284.0	45762.0	52743.0	59899.0	68381.0	80677.0	97241.0	125805.0	176678.0	667923.0	5185309.0	8886160.0
	101
ERR160160_2	17165877.0
	24	26	28	30	32	34	36	38	40	42	44	46	48	50	52	54	56	58	60	62	64	66	68	70	72	74	76	78	80	82	84	86	88	90	92	94	96
ERR160160_2_val_2	9913.0	20917.0	20997.0	21552.0	21604.0	22804.0	22667.0	22588.0	24656.0	26625.0	27848.0	32692.0	34127.0	27343.0	25836.0	26919.0	29614.0	32611.0	33817.0	35284.0	38398.0	40744.0	44068.0	48808.0	52673.0	55487.0	60620.0	66925.0	75630.0	90471.0	107046.0	134071.0	188760.0	266573.0	714123.0	4890683.0	8733491.0
	101
ERR160161_1	14868403.0
	24	26	28	30	32	34	36	38	40	42	44	46	48	50	52	54	56	58	60	62	64	66	68	70	72	74	76	78	80	82	84	86	88	90	92	94	96
ERR160161_1_val_1	8653.0	17518.0	17199.0	16912.0	17440.0	17485.0	17745.0	18814.0	19502.0	19816.0	20574.0	21983.0	22882.0	23438.0	23919.0	24954.0	25982.0	27320.0	28681.0	30249.0	31119.0	30890.0	31605.0	29230.0	32082.0	37492.0	41469.0	47547.0	53536.0	60982.0	71942.0	86206.0	109768.0	153769.0	559578.0	4341825.0	7519207.0
	101
ERR160161_2	14868403.0
	24	26	28	30	32	34	36	38	40	42	44	46	48	50	52	54	56	58	60	62	64	66	68	70	72	74	76	78	80	82	84	86	88	90	92	94	96
ERR160161_2_val_2	7958.0	16878.0	17330.0	17509.0	17663.0	18330.0	18522.0	18976.0	20600.0	22223.0	23177.0	27483.0	27984.0	23413.0	21834.0	22951.0	25416.0	27471.0	28952.0	30285.0	32487.0	34954.0	38528.0	42369.0	45664.0	48528.0	52111.0	57568.0	65536.0	78621.0	92959.0	115462.0	160123.0	225490.0	608456.0	4160239.0	7365263.0
	101
ERR160162_1	25958006.0
	24	26	28	30	32	34	36	38	40	42	44	46	48	50	52	54	56	58	60	62	64	66	68	70	72	74	76	78	80	82	84	86	88	90	92	94	96
ERR160162_1_val_1	13807.0	27800.0	27817.0	28062.0	27819.0	27313.0	28867.0	30306.0	31637.0	31894.0	33780.0	35975.0	37522.0	38188.0	39123.0	41038.0	42989.0	45338.0	47506.0	49913.0	52038.0	51345.0	51407.0	47557.0	51709.0	60260.0	68034.0	77192.0	88050.0	100234.0	119974.0	144011.0	186492.0	264714.0	1004877.0	7905218.0	13668143.0
	101
ERR160162_2	25958006.0
	24	26	28	30	32	34	36	38	40	42	44	46	48	50	52	54	56	58	60	62	64	66	68	70	72	74	76	78	80	82	84	86	88	90	92	94	96
ERR160162_2_val_2	15189.0	31801.0	32416.0	33171.0	33410.0	33814.0	34226.0	34784.0	37812.0	40397.0	42273.0	50385.0	51302.0	42065.0	39148.0	40419.0	45362.0	49289.0	51382.0	53774.0	57696.0	60671.0	66424.0	73538.0	79037.0	83851.0	90617.0	99289.0	113472.0	135550.0	160266.0	201928.0	282811.0	400183.0	1087391.0	7489360.0	13353446.0
	101
ERR160163_1	27162997.0
	24	26	28	30	32	34	36	38	40	42	44	46	48	50	52	54	56	58	60	62	64	66	68	70	72	74	76	78	80	82	84	86	88	90	92	94	96
ERR160163_1_val_1	13884.0	27442.0	27554.0	28131.0	28484.0	28580.0	29451.0	31795.0	32940.0	33726.0	35618.0	38022.0	39783.0	40263.0	41635.0	43846.0	45753.0	47798.0	51031.0	54305.0	55826.0	55922.0	56896.0	53088.0	58731.0	67938.0	75071.0	85394.0	96527.0	109831.0	129926.0	155056.0	197940.0	278393.0	1058338.0	8304144.0	14208312.0
	101
ERR160163_2	27162997.0
	24	26	28	30	32	34	36	38	40	42	44	46	48	50	52	54	56	58	60	62	64	66	68	70	72	74	76	78	80	82	84	86	88	90	92	94	96
ERR160163_2_val_2	15206.0	31939.0	32297.0	33381.0	34111.0	35003.0	35414.0	36383.0	38951.0	42651.0	44498.0	52502.0	54201.0	44671.0	41842.0	43576.0	48612.0	52275.0	55104.0	58026.0	62518.0	65685.0	71934.0	79718.0	86362.0	90668.0	98823.0	108801.0	123331.0	146071.0	172622.0	214630.0	299024.0	422031.0	1136776.0	7815704.0	13942033.0
	101
ERR160164_1	30491955.0
	24	26	28	30	32	34	36	38	40	42	44	46	48	50	52	54	56	58	60	62	64	66	68	70	72	74	76	78	80	82	84	86	88	90	92	94	96
ERR160164_1_val_1	15679.0	32230.0	32283.0	32752.0	32985.0	32690.0	34221.0	36473.0	37661.0	37993.0	39983.0	42696.0	44670.0	45512.0	47036.0	49377.0	51118.0	53659.0	56671.0	60159.0	61781.0	61271.0	62031.0	57596.0	62909.0	73000.0	81212.0	93050.0	105308.0	118913.0	141672.0	169774.0	216891.0	308080.0	1177305.0	9275638.0	16010228.0
	101
ERR160164_2	30491955.0
	24	26	28	30	32	34	36	38	40	42	44	46	48	50	52	54	56	58	60	62	64	66	68	70	72	74	76	78	80	82	84	86	88	90	92	94	96
ERR160164_2_val_2	16574.0	34614.0	35123.0	36027.0	37153.0	37689.0	38248.0	39015.0	42325.0	45984.0	47965.0	56465.0	58095.0	47887.0	44768.0	45527.0	51592.0	56089.0	59082.0	61279.0	65833.0	69691.0	76424.0	84419.0	91263.0	95878.0	104465.0	115405.0	132133.0	155402.0	185411.0	230072.0	323075.0	462212.0	1270806.0	8802983.0	15735534.0
	101
ERR160165_1	22359393.0
	24	26	28	30	32	34	36	38	40	42	44	46	48	50	52	54	56	58	60	62	64	66	68	70	72	74	76	78	80	82	84	86	88	90	92	94	96
ERR160165_1_val_1	12738.0	25783.0	25938.0	26133.0	26508.0	26671.0	28187.0	29326.0	30464.0	31323.0	32851.0	34853.0	36767.0	37097.0	38809.0	40883.0	43306.0	44965.0	47507.0	49790.0	51951.0	52583.0	52894.0	49788.0	54625.0	62945.0	69962.0	79526.0	90019.0	101951.0	119178.0	141490.0	180212.0	248052.0	884852.0	6720964.0	11412655.0
	101
ERR160165_2	22359393.0
	24	26	28	30	32	34	36	38	40	42	44	46	48	50	52	54	56	58	60	62	64	66	68	70	72	74	76	78	80	82	84	86	88	90	92	94	96
ERR160165_2_val_2	13172.0	27703.0	28122.0	28978.0	29402.0	30137.0	30615.0	31101.0	33720.0	36640.0	38381.0	45260.0	47033.0	39067.0	36606.0	38256.0	42576.0	46233.0	48753.0	50744.0	54824.0	57800.0	64053.0	70878.0	76050.0	81066.0	88313.0	96345.0	109862.0	129764.0	153139.0	188300.0	260910.0	363340.0	943110.0	6339019.0	11244274.0
	101
ERR160166_1	12820647.0
	24	26	28	30	32	34	36	38	40	42	44	46	48	50	52	54	56	58	60	62	64	66	68	70	72	74	76	78	80	82	84	86	88	90	92	94	96
ERR160166_1_val_1	7402.0	14678.0	15037.0	14633.0	14486.0	14439.0	14224.0	15056.0	15925.0	16568.0	16971.0	18101.0	18670.0	19785.0	20223.0	21093.0	22089.0	23486.0	23939.0	25770.0	27210.0	27948.0	27978.0	26342.0	28261.0	32341.0	35734.0	40056.0	44929.0	50886.0	60332.0	73766.0	95181.0	137424.0	518681.0	3971896.0	6647089.0
	101
ERR160166_2	12820647.0
	24	26	28	30	32	34	36	38	40	42	44	46	48	50	52	54	56	58	60	62	64	66	68	70	72	74	76	78	80	82	84	86	88	90	92	94	96
ERR160166_2_val_2	7138.0	15028.0	15035.0	15337.0	15675.0	15677.0	16379.0	16346.0	16424.0	17545.0	18782.0	22268.0	22909.0	19415.0	18747.0	19248.0	21491.0	23266.0	24647.0	25065.0	27388.0	28482.0	30876.0	34387.0	35904.0	38899.0	43138.0	47552.0	55090.0	65457.0	73972.0	89811.0	125815.0	201224.0	526975.0	3748905.0	6658332.0
	101
ERR160167_1	25478097.0
	24	26	28	30	32	34	36	38	40	42	44	46	48	50	52	54	56	58	60	62	64	66	68	70	72	74	76	78	80	82	84	86	88	90	92	94	96
ERR160167_1_val_1	14465.0	29751.0	29872.0	29327.0	29107.0	28793.0	28673.0	30563.0	31979.0	32398.0	34107.0	35899.0	37362.0	38355.0	39641.0	41428.0	43084.0	45358.0	46877.0	50191.0	52656.0	53400.0	53701.0	49299.0	52238.0	60705.0	66903.0	74909.0	84145.0	95562.0	114491.0	140734.0	183719.0	269095.0	1023945.0	7771743.0	13287569.0
	101
ERR160167_2	25478097.0
	24	26	28	30	32	34	36	38	40	42	44	46	48	50	52	54	56	58	60	62	64	66	68	70	72	74	76	78	80	82	84	86	88	90	92	94	96
ERR160167_2_val_2	15492.0	32485.0	31677.0	33446.0	33993.0	33373.0	34981.0	34965.0	35221.0	37879.0	40118.0	47157.0	48811.0	40683.0	38806.0	39969.0	44897.0	48379.0	50468.0	51574.0	56618.0	58846.0	63222.0	69682.0	72870.0	78793.0	85323.0	95418.0	110864.0	130215.0	147756.0	180465.0	252320.0	403317.0	1046734.0	7317945.0	13187282.0
	101
ERR160168_1	19058177.0
	24	26	28	30	32	34	36	38	40	42	44	46	48	50	52	54	56	58	60	62	64	66	68	70	72	74	76	78	80	82	84	86	88	90	92	94	96
ERR160168_1_val_1	10238.0	20763.0	21602.0	20619.0	20483.0	20407.0	20190.0	21491.0	22713.0	23488.0	24233.0	25669.0	26990.0	27885.0	28646.0	29713.0	31232.0	32410.0	34000.0	35977.0	37790.0	38120.0	38487.0	35708.0	38319.0	43822.0	48451.0	54281.0	60997.0	68959.0	82960.0	101964.0	132759.0	195592.0	726780.0	5659810.0	10077905.0
	101
ERR160168_2	19058177.0
	24	26	28	30	32	34	36	38	40	42	44	46	48	50	52	54	56	58	60	62	64	66	68	70	72	74	76	78	80	82	84	86	88	90	92	94	96
ERR160168_2_val_2	11143.0	23648.0	23264.0	24090.0	24657.0	24532.0	25502.0	26121.0	25596.0	27433.0	29286.0	34771.0	35765.0	29801.0	27965.0	29204.0	32618.0	35167.0	36917.0	37721.0	41413.0	42662.0	45982.0	50874.0	53429.0	57363.0	62801.0	69598.0	81311.0	95729.0	108532.0	132809.0	187408.0	300308.0	798388.0	5555594.0	9692051.0
	101
ERR160169_1	17376949.0
	24	26	28	30	32	34	36	38	40	42	44	46	48	50	52	54	56	58	60	62	64	66	68	70	72	74	76	78	80	82	84	86	88	90	92	94	96
ERR160169_1_val_1	10015.0	20147.0	20435.0	19795.0	19712.0	19835.0	19497.0	20606.0	21758.0	22200.0	22973.0	24362.0	25360.0	26284.0	27144.0	28185.0	29644.0	31053.0	32286.0	34057.0	35991.0	36396.0	36684.0	33722.0	36820.0	41960.0	46367.0	52039.0	58476.0	65517.0	78644.0	95883.0	124695.0	182525.0	695721.0	5297142.0	8977239.0
	101
ERR160169_2	17376949.0
	24	26	28	30	32	34	36	38	40	42	44	46	48	50	52	54	56	58	60	62	64	66	68	70	72	74	76	78	80	82	84	86	88	90	92	94	96
ERR160169_2_val_2	9918.0	20872.0	20899.0	21147.0	21350.0	21640.0	22353.0	22662.0	22360.0	23845.0	25552.0	30203.0	31641.0	26229.0	25193.0	26208.0	29131.0	31621.0	33184.0	34116.0	37180.0	38401.0	42198.0	46021.0	48608.0	52008.0	56473.0	63709.0	74178.0	85824.0	97835.0	118866.0	167493.0	267494.0	705621.0	5004989.0	8964147.0
	101
ERR160170_1	24898286.0
	24	26	28	30	32	34	36	38	40	42	44	46	48	50	52	54	56	58	60	62	64	66	68	70	72	74	76	78	80	82	84	86	88	90	92	94	96
ERR160170_1_val_1	14044.0	28776.0	28962.0	28702.0	28332.0	28000.0	27646.0	29545.0	30712.0	31448.0	33035.0	34821.0	36070.0	37019.0	38530.0	39819.0	41478.0	43732.0	45147.0	48131.0	50650.0	51096.0	51467.0	47273.0	51175.0	58185.0	64913.0	72342.0	81610.0	92965.0	110357.0	136712.0	179032.0	262442.0	996911.0	7584704.0	12976530.0
	101
ERR160170_2	24898286.0
	24	26	28	30	32	34	36	38	40	42	44	46	48	50	52	54	56	58	60	62	64	66	68	70	72	74	76	78	80	82	84	86	88	90	92	94	96
ERR160170_2_val_2	15455.0	32859.0	32362.0	33347.0	33377.0	33498.0	34575.0	34898.0	34533.0	36786.0	39765.0	46605.0	47816.0	39998.0	38136.0	39599.0	43999.0	47860.0	49997.0	50923.0	55300.0	57694.0	62397.0	68372.0	71984.0	76431.0	84692.0	93972.0	108648.0	127853.0	144574.0	176395.0	246060.0	394013.0	1017058.0	7129542.0	12860940.0
	101
ERR160171_1	20875547.0
	24	26	28	30	32	34	36	38	40	42	44	46	48	50	52	54	56	58	60	62	64	66	68	70	72	74	76	78	80	82	84	86	88	90	92	94	96
ERR160171_1_val_1	13121.0	26515.0	26928.0	26540.0	26113.0	25842.0	25691.0	27445.0	28621.0	29553.0	30694.0	32415.0	33450.0	34584.0	35593.0	37411.0	38979.0	40420.0	41979.0	44055.0	46230.0	47354.0	47396.0	43674.0	47580.0	54017.0	59848.0	67205.0	75154.0	84906.0	100642.0	122453.0	158001.0	229823.0	828789.0	6174730.0	10592042.0
	101
ERR160171_2	20875547.0
	24	26	28	30	32	34	36	38	40	42	44	46	48	50	52	54	56	58	60	62	64	66	68	70	72	74	76	78	80	82	84	86	88	90	92	94	96
ERR160171_2_val_2	12659.0	26608.0	26341.0	27188.0	27413.0	27542.0	28659.0	28829.0	28985.0	30832.0	32819.0	38773.0	39842.0	33738.0	32012.0	33412.0	37258.0	40478.0	42382.0	43515.0	47332.0	49693.0	53380.0	59345.0	61878.0	66432.0	73123.0	80712.0	94404.0	110250.0	124852.0	150958.0	210668.0	334340.0	845602.0	5832937.0	10570602.0
	101
ERR160172_1	28290156.0
	24	26	28	30	32	34	36	38	40	42	44	46	48	50	52	54	56	58	60	62	64	66	68	70	72	74	76	78	80	82	84	86	88	90	92	94	96
ERR160172_1_val_1	17285.0	34653.0	34788.0	34050.0	34098.0	33809.0	32764.0	35405.0	37269.0	37940.0	39528.0	41767.0	42984.0	43903.0	46107.0	47615.0	49527.0	51649.0	53319.0	56736.0	59784.0	60636.0	61008.0	56139.0	60286.0	69227.0	76759.0	86615.0	96750.0	108972.0	131506.0	161039.0	209580.0	305415.0	1135011.0	8507037.0	14497829.0
	101
ERR160172_2	28290156.0
	24	26	28	30	32	34	36	38	40	42	44	46	48	50	52	54	56	58	60	62	64	66	68	70	72	74	76	78	80	82	84	86	88	90	92	94	96
ERR160172_2_val_2	17009.0	35790.0	35732.0	36737.0	36918.0	36869.0	38690.0	39050.0	38545.0	41027.0	43366.0	51317.0	53895.0	44697.0	42115.0	43924.0	48859.0	53264.0	55777.0	57019.0	62346.0	64973.0	70342.0	77652.0	81405.0	86610.0	95959.0	107259.0	123894.0	145296.0	165838.0	201896.0	280507.0	447332.0	1150576.0	8003688.0	14472616.0
	101
ERR160173_1	27550640.0
	24	26	28	30	32	34	36	38	40	42	44	46	48	50	52	54	56	58	60	62	64	66	68	70	72	74	76	78	80	82	84	86	88	90	92	94	96
ERR160173_1_val_1	29048.0	59270.0	61279.0	63703.0	65156.0	67696.0	70507.0	71862.0	76705.0	77470.0	80690.0	84204.0	89889.0	94457.0	103496.0	106807.0	111142.0	113160.0	117621.0	121679.0	125664.0	120989.0	123584.0	113198.0	124107.0	138442.0	156187.0	175191.0	198648.0	227723.0	268874.0	314183.0	384317.0	529849.0	1185879.0	6538672.0	10432399.0
	101
ERR160173_2	27550640.0
	24	26	28	30	32	34	36	38	40	42	44	46	48	50	52	54	56	58	60	62	64	66	68	70	72	74	76	78	80	82	84	86	88	90	92	94	96
ERR160173_2_val_2	36765.0	74438.0	76723.0	81058.0	84187.0	87678.0	86175.0	96076.0	108948.0	100860.0	107391.0	126790.0	127893.0	111117.0	102282.0	97767.0	103461.0	113344.0	116535.0	120445.0	131003.0	134885.0	147174.0	160660.0	169869.0	183156.0	211646.0	237630.0	267758.0	288780.0	331455.0	405732.0	507715.0	690631.0	1310764.0	6053674.0	9631282.0
	101
ERR160174_1	36270147.0
	24	26	28	30	32	34	36	38	40	42	44	46	48	50	52	54	56	58	60	62	64	66	68	70	72	74	76	78	80	82	84	86	88	90	92	94	96
ERR160174_1_val_1	38641.0	79428.0	82169.0	85131.0	86583.0	90359.0	95621.0	96471.0	102861.0	103167.0	107737.0	112291.0	119792.0	126307.0	137259.0	142708.0	148855.0	151294.0	157036.0	163597.0	166153.0	160585.0	165376.0	151258.0	166209.0	184135.0	207827.0	233101.0	262239.0	302212.0	356125.0	417335.0	506904.0	696612.0	1549536.0	8367502.0	13261861.0
	101
ERR160174_2	36270147.0
	24	26	28	30	32	34	36	38	40	42	44	46	48	50	52	54	56	58	60	62	64	66	68	70	72	74	76	78	80	82	84	86	88	90	92	94	96
ERR160174_2_val_2	51027.0	103401.0	105811.0	111954.0	114452.0	120268.0	119108.0	132660.0	148597.0	139574.0	146458.0	169437.0	172962.0	149624.0	138504.0	132424.0	140424.0	154746.0	156990.0	162213.0	175984.0	178755.0	196502.0	214798.0	226601.0	243538.0	280388.0	315134.0	353100.0	379269.0	436989.0	531426.0	661304.0	900075.0	1682563.0	7651083.0	12284134.0
	101
ERR160175_1	47021799.0
	24	26	28	30	32	34	36	38	40	42	44	46	48	50	52	54	56	58	60	62	64	66	68	70	72	74	76	78	80	82	84	86	88	90	92	94	96
ERR160175_1_val_1	49842.0	102649.0	105816.0	109587.0	112304.0	116816.0	123506.0	124784.0	132908.0	133471.0	138849.0	144781.0	153547.0	162441.0	177296.0	184434.0	190998.0	194939.0	200975.0	210363.0	215776.0	206575.0	210782.0	193703.0	212520.0	236256.0	267089.0	298418.0	337185.0	388363.0	456578.0	533782.0	652627.0	899860.0	2008097.0	10895386.0	17200592.0
	101
ERR160175_2	47021799.0
	24	26	28	30	32	34	36	38	40	42	44	46	48	50	52	54	56	58	60	62	64	66	68	70	72	74	76	78	80	82	84	86	88	90	92	94	96
ERR160175_2_val_2	67076.0	136176.0	138130.0	147295.0	151304.0	158347.0	156653.0	175900.0	196836.0	181409.0	191411.0	221276.0	225564.0	196870.0	181703.0	173101.0	183754.0	201340.0	206599.0	212087.0	230113.0	235332.0	257666.0	280006.0	296090.0	317721.0	366027.0	410725.0	461451.0	494537.0	569920.0	694672.0	865547.0	1169097.0	2181341.0	9859201.0	15891618.0
	101
ERR160176_1	30171413.0
	24	26	28	30	32	34	36	38	40	42	44	46	48	50	52	54	56	58	60	62	64	66	68	70	72	74	76	78	80	82	84	86	88	90	92	94	96
ERR160176_1_val_1	33761.0	68840.0	70675.0	73688.0	75085.0	77280.0	81905.0	83014.0	88195.0	88053.0	92071.0	95723.0	101584.0	106711.0	116525.0	120513.0	124766.0	128392.0	132565.0	138197.0	141352.0	136086.0	141187.0	129960.0	142042.0	158613.0	178553.0	198095.0	222543.0	255124.0	298081.0	345268.0	420459.0	570119.0	1258289.0	6684833.0	10412563.0
	101
ERR160176_2	30171413.0
	24	26	28	30	32	34	36	38	40	42	44	46	48	50	52	54	56	58	60	62	64	66	68	70	72	74	76	78	80	82	84	86	88	90	92	94	96
ERR160176_2_val_2	40882.0	81839.0	83021.0	88041.0	91083.0	94884.0	93677.0	105365.0	118767.0	108485.0	115242.0	135052.0	136615.0	118911.0	110770.0	105747.0	112764.0	122222.0	126693.0	131382.0	141843.0	145851.0	159894.0	174341.0	183173.0	199687.0	228849.0	256834.0	288673.0	311841.0	357530.0	435603.0	541229.0	730348.0	1363571.0	6131674.0	9818327.0
	101
ERR160177_1	39278531.0
	24	26	28	30	32	34	36	38	40	42	44	46	48	50	52	54	56	58	60	62	64	66	68	70	72	74	76	78	80	82	84	86	88	90	92	94	96
ERR160177_1_val_1	45095.0	92376.0	95010.0	98745.0	101151.0	105357.0	111620.0	113473.0	120105.0	120643.0	126087.0	130151.0	139444.0	147090.0	159604.0	165894.0	172460.0	175539.0	180986.0	189893.0	193306.0	186543.0	190911.0	176351.0	192587.0	214851.0	242934.0	270354.0	304395.0	348909.0	409481.0	476124.0	579879.0	786745.0	1713546.0	8961947.0	13845608.0
	101
ERR160177_2	39278531.0
	24	26	28	30	32	34	36	38	40	42	44	46	48	50	52	54	56	58	60	62	64	66	68	70	72	74	76	78	80	82	84	86	88	90	92	94	96
ERR160177_2_val_2	55848.0	113508.0	115715.0	123740.0	127276.0	132609.0	131503.0	145793.0	163947.0	153278.0	161781.0	187849.0	191715.0	166525.0	154772.0	147791.0	157706.0	172462.0	176917.0	183757.0	197776.0	204083.0	222581.0	243572.0	258049.0	277104.0	318181.0	356407.0	402725.0	433196.0	495510.0	602372.0	745232.0	1003540.0	1834897.0	8074849.0	13050628.0
	101
ERR160178_1	44693216.0
	24	26	28	30	32	34	36	38	40	42	44	46	48	50	52	54	56	58	60	62	64	66	68	70	72	74	76	78	80	82	84	86	88	90	92	94	96
ERR160178_1_val_1	50018.0	102504.0	106565.0	110172.0	113405.0	117942.0	124406.0	125799.0	133847.0	134519.0	140904.0	145871.0	156367.0	165806.0	179833.0	185922.0	194085.0	198227.0	204724.0	214389.0	218513.0	212891.0	218512.0	200819.0	221297.0	246615.0	277990.0	310498.0	350085.0	402783.0	473149.0	548131.0	668936.0	908535.0	1979916.0	10427528.0	16189222.0
	101
ERR160178_2	44693216.0
	24	26	28	30	32	34	36	38	40	42	44	46	48	50	52	54	56	58	60	62	64	66	68	70	72	74	76	78	80	82	84	86	88	90	92	94	96
ERR160178_2_val_2	61150.0	124735.0	127699.0	136130.0	141063.0	146379.0	145359.0	160187.0	178035.0	170676.0	181964.0	210037.0	214049.0	187072.0	174028.0	166079.0	177288.0	194639.0	199637.0	207229.0	223002.0	232589.0	254627.0	279075.0	294935.0	320014.0	367553.0	412525.0	463033.0	498019.0	573251.0	697444.0	863251.0	1161567.0	2136526.0	9465994.0	15213885.0
	101
ERR160179_1	38603913.0
	24	26	28	30	32	34	36	38	40	42	44	46	48	50	52	54	56	58	60	62	64	66	68	70	72	74	76	78	80	82	84	86	88	90	92	94	96
ERR160179_1_val_1	44373.0	91240.0	93719.0	97558.0	99505.0	103179.0	109378.0	110489.0	117269.0	118069.0	123254.0	127192.0	134712.0	143140.0	155560.0	161723.0	168331.0	171310.0	177420.0	185681.0	190876.0	184837.0	188742.0	175131.0	191933.0	212689.0	238764.0	267094.0	302101.0	344365.0	405191.0	469623.0	569410.0	771722.0	1697985.0	8861787.0	13584465.0
	101
ERR160179_2	38603913.0
	24	26	28	30	32	34	36	38	40	42	44	46	48	50	52	54	56	58	60	62	64	66	68	70	72	74	76	78	80	82	84	86	88	90	92	94	96
ERR160179_2_val_2	52538.0	105582.0	107968.0	115183.0	118167.0	123660.0	122505.0	137564.0	152616.0	143628.0	152079.0	175985.0	179369.0	157959.0	146188.0	139758.0	147471.0	162757.0	167093.0	172810.0	188627.0	195217.0	213586.0	234769.0	249091.0	267157.0	307777.0	346665.0	388316.0	418099.0	481153.0	584105.0	727577.0	978010.0	1805637.0	7989192.0	13033959.0
	101
ERR160180_1	35329542.0
	24	26	28	30	32	34	36	38	40	42	44	46	48	50	52	54	56	58	60	62	64	66	68	70	72	74	76	78	80	82	84	86	88	90	92	94	96
ERR160180_1_val_1	24218.0	47505.0	48545.0	48187.0	48542.0	48576.0	49553.0	53112.0	53841.0	57017.0	59349.0	62618.0	66568.0	69936.0	69136.0	72938.0	75312.0	82044.0	83543.0	91080.0	90645.0	90891.0	93206.0	86118.0	95542.0	111007.0	119629.0	129459.0	148331.0	167222.0	195481.0	234805.0	291047.0	420389.0	1327503.0	9645099.0	17067238.0
	101
ERR160180_2	35329542.0
	24	26	28	30	32	34	36	38	40	42	44	46	48	50	52	54	56	58	60	62	64	66	68	70	72	74	76	78	80	82	84	86	88	90	92	94	96
ERR160180_2_val_2	22427.0	46845.0	47579.0	49080.0	48381.0	48952.0	52196.0	51428.0	54151.0	58646.0	59857.0	71271.0	72074.0	60565.0	57735.0	62087.0	69325.0	75285.0	80227.0	83544.0	87293.0	95853.0	102882.0	115469.0	122867.0	130407.0	147731.0	165161.0	185630.0	212714.0	254749.0	318450.0	407606.0	606157.0	1506089.0	9534690.0	16359829.0
	101
ERR160181_1	25988144.0
	24	26	28	30	32	34	36	38	40	42	44	46	48	50	52	54	56	58	60	62	64	66	68	70	72	74	76	78	80	82	84	86	88	90	92	94	96
ERR160181_1_val_1	18246.0	35838.0	36311.0	35783.0	35690.0	35917.0	36714.0	39295.0	39914.0	42380.0	44096.0	46832.0	49207.0	50953.0	51239.0	54448.0	56299.0	60582.0	62085.0	66575.0	66685.0	67458.0	68456.0	63347.0	69894.0	82003.0	87441.0	94845.0	109260.0	121666.0	140976.0	172030.0	215505.0	312740.0	1057782.0	7700995.0	12850923.0
	101
ERR160181_2	25988144.0
	24	26	28	30	32	34	36	38	40	42	44	46	48	50	52	54	56	58	60	62	64	66	68	70	72	74	76	78	80	82	84	86	88	90	92	94	96
ERR160181_2_val_2	16999.0	35379.0	35811.0	36921.0	36924.0	37531.0	39624.0	39476.0	41097.0	44804.0	45745.0	54807.0	55741.0	46461.0	44669.0	47559.0	52721.0	57329.0	60754.0	63308.0	66310.0	72320.0	77143.0	86428.0	91322.0	96729.0	109896.0	121289.0	137455.0	155970.0	185672.0	233710.0	301070.0	448243.0	1101437.0	7220996.0	12780760.0
	101
ERR160182_1	17468342.0
	24	26	28	30	32	34	36	38	40	42	44	46	48	50	52	54	56	58	60	62	64	66	68	70	72	74	76	78	80	82	84	86	88	90	92	94	96
ERR160182_1_val_1	15404.0	29788.0	30010.0	29965.0	29965.0	30062.0	30509.0	32223.0	32783.0	34668.0	36192.0	38009.0	39698.0	41606.0	41714.0	44318.0	45506.0	48533.0	50148.0	53223.0	53829.0	54620.0	55527.0	53348.0	58925.0	67814.0	73023.0	79142.0	88534.0	98585.0	113073.0	134096.0	162458.0	226882.0	701271.0	4802608.0	7837499.0
	101
ERR160182_2	17468342.0
	24	26	28	30	32	34	36	38	40	42	44	46	48	50	52	54	56	58	60	62	64	66	68	70	72	74	76	78	80	82	84	86	88	90	92	94	96
ERR160182_2_val_2	11230.0	22843.0	23085.0	23823.0	23870.0	24142.0	25777.0	25546.0	27145.0	29061.0	30465.0	36066.0	36688.0	32136.0	31224.0	33622.0	37459.0	40920.0	43308.0	45739.0	48588.0	53286.0	57547.0	63785.0	68031.0	73469.0	82464.0	91254.0	101608.0	114619.0	135600.0	166522.0	209226.0	303838.0	710878.0	4473002.0	8037692.0
	101
ERR160183_1	24308486.0
	24	26	28	30	32	34	36	38	40	42	44	46	48	50	52	54	56	58	60	62	64	66	68	70	72	74	76	78	80	82	84	86	88	90	92	94	96
ERR160183_1_val_1	18211.0	36333.0	36712.0	36374.0	36596.0	36853.0	37795.0	39923.0	40827.0	43333.0	44984.0	47258.0	50191.0	52179.0	52300.0	55133.0	57292.0	61629.0	62706.0	67230.0	67677.0	67911.0	68479.0	65015.0	70815.0	82172.0	87919.0	95559.0	108694.0	122398.0	141184.0	170107.0	211586.0	302706.0	983352.0	7000468.0	11711683.0
	101
ERR160183_2	24308486.0
	24	26	28	30	32	34	36	38	40	42	44	46	48	50	52	54	56	58	60	62	64	66	68	70	72	74	76	78	80	82	84	86	88	90	92	94	96
ERR160183_2_val_2	16492.0	34038.0	34566.0	35294.0	35504.0	36152.0	38502.0	37948.0	39607.0	42936.0	43778.0	52647.0	53170.0	45518.0	43660.0	46320.0	51668.0	55779.0	59540.0	62393.0	65352.0	70922.0	76235.0	84617.0	89748.0	95875.0	107419.0	119479.0	134239.0	152641.0	181124.0	225972.0	289563.0	426259.0	1021742.0	6545360.0	11719525.0
	101
ERR160184_1	20469304.0
	24	26	28	30	32	34	36	38	40	42	44	46	48	50	52	54	56	58	60	62	64	66	68	70	72	74	76	78	80	82	84	86	88	90	92	94	96
ERR160184_1_val_1	15299.0	30285.0	30851.0	30259.0	30519.0	30806.0	31486.0	33129.0	33527.0	35461.0	37180.0	38735.0	41227.0	42898.0	42501.0	45126.0	46716.0	50240.0	51449.0	54555.0	54817.0	55506.0	56210.0	52575.0	57698.0	67322.0	71952.0	78474.0	88376.0	99813.0	114994.0	138691.0	172648.0	248334.0	820577.0	5897016.0	9757659.0
	101
ERR160184_2	20469304.0
	24	26	28	30	32	34	36	38	40	42	44	46	48	50	52	54	56	58	60	62	64	66	68	70	72	74	76	78	80	82	84	86	88	90	92	94	96
ERR160184_2_val_2	13504.0	28359.0	28617.0	29411.0	29153.0	29728.0	31454.0	31196.0	32916.0	35431.0	36560.0	43671.0	44483.0	37445.0	36580.0	38606.0	43034.0	45977.0	49417.0	51931.0	53966.0	58679.0	62863.0	69652.0	73716.0	78340.0	88441.0	98225.0	110368.0	125346.0	147830.0	184916.0	238438.0	350316.0	852951.0	5502910.0	9770481.0
	101
ERR160185_1	19829337.0
	24	26	28	30	32	34	36	38	40	42	44	46	48	50	52	54	56	58	60	62	64	66	68	70	72	74	76	78	80	82	84	86	88	90	92	94	96
ERR160185_1_val_1	14368.0	28174.0	28644.0	28045.0	28650.0	28628.0	29155.0	30836.0	31547.0	33373.0	34641.0	36253.0	38311.0	39979.0	40051.0	42136.0	43483.0	46992.0	48140.0	51453.0	51863.0	51876.0	52784.0	49175.0	54871.0	63010.0	67824.0	73308.0	83886.0	93634.0	107898.0	130833.0	163614.0	235919.0	793784.0	5780942.0	9609902.0
	101
ERR160185_2	19829337.0
	24	26	28	30	32	34	36	38	40	42	44	46	48	50	52	54	56	58	60	62	64	66	68	70	72	74	76	78	80	82	84	86	88	90	92	94	96
ERR160185_2_val_2	13042.0	26963.0	27406.0	28146.0	28056.0	28756.0	30388.0	30178.0	31489.0	34276.0	35182.0	41798.0	42801.0	35915.0	34754.0	36519.0	41293.0	44269.0	47283.0	48665.0	51426.0	55655.0	59714.0	66991.0	70668.0	74558.0	84167.0	94283.0	105669.0	118938.0	141587.0	178004.0	228766.0	339165.0	829427.0	5417083.0	9564702.0
	101
ERR160186_1	20920867.0
	24	26	28	30	32	34	36	38	40	42	44	46	48	50	52	54	56	58	60	62	64	66	68	70	72	74	76	78	80	82	84	86	88	90	92	94	96
ERR160186_1_val_1	14625.0	29234.0	29635.0	28933.0	29283.0	29296.0	30245.0	31954.0	32389.0	34444.0	36179.0	37805.0	40320.0	41598.0	41873.0	44255.0	45975.0	49260.0	50859.0	54499.0	55134.0	55564.0	56552.0	53668.0	59049.0	68054.0	73262.0	80391.0	90829.0	102076.0	118009.0	143414.0	178142.0	255098.0	849510.0	6110591.0	10141159.0
	101
ERR160186_2	20920867.0
	24	26	28	30	32	34	36	38	40	42	44	46	48	50	52	54	56	58	60	62	64	66	68	70	72	74	76	78	80	82	84	86	88	90	92	94	96
ERR160186_2_val_2	13142.0	27290.0	27802.0	28444.0	28374.0	28755.0	30643.0	30807.0	31814.0	34722.0	35599.0	42674.0	42955.0	36373.0	35233.0	37248.0	41481.0	45121.0	48317.0	50196.0	52788.0	57919.0	61786.0	69023.0	73104.0	78175.0	89075.0	98862.0	111393.0	126124.0	149923.0	188326.0	241364.0	358467.0	881686.0	5738810.0	10149348.0
	101
ERR160187_1	16107849.0
	24	26	28	30	32	34	36	38	40	42	44	46	48	50	52	54	56	58	60	62	64	66	68	70	72	74	76	78	80	82	84	86	88	90	92	94	96
ERR160187_1_val_1	12441.0	24706.0	23514.0	24005.0	23592.0	24129.0	25810.0	27914.0	27338.0	29056.0	32231.0	33675.0	33504.0	33804.0	39147.0	46169.0	55432.0	31101.0	33117.0	36271.0	40028.0	42276.0	44159.0	42912.0	47474.0	55223.0	57244.0	62893.0	69458.0	77349.0	92456.0	110358.0	130497.0	189334.0	666524.0	4563666.0	7521103.0
	101
ERR160187_2	16107849.0
	24	26	28	30	32	34	36	38	40	42	44	46	48	50	52	54	56	58	60	62	64	66	68	70	72	74	76	78	80	82	84	86	88	90	92	94	96
ERR160187_2_val_2	10503.0	21443.0	22704.0	22524.0	22510.0	22346.0	22319.0	23444.0	24794.0	26885.0	27428.0	32661.0	33449.0	29286.0	27418.0	28541.0	32532.0	36503.0	38068.0	40071.0	41643.0	44487.0	47780.0	54377.0	58772.0	63647.0	69345.0	72121.0	82558.0	101612.0	122144.0	141416.0	170852.0	245353.0	649420.0	4276966.0	7641988.0
	101
ERR160188_1	22786782.0
	24	26	28	30	32	34	36	38	40	42	44	46	48	50	52	54	56	58	60	62	64	66	68	70	72	74	76	78	80	82	84	86	88	90	92	94	96
ERR160188_1_val_1	15571.0	31506.0	30190.0	30569.0	29951.0	31019.0	33693.0	36247.0	35926.0	38673.0	42948.0	45868.0	45118.0	46416.0	53948.0	64937.0	78399.0	43111.0	46632.0	51560.0	57509.0	61157.0	64149.0	62187.0	69021.0	80338.0	82583.0	91107.0	101276.0	112885.0	134327.0	162506.0	191489.0	276426.0	977039.0	6726862.0	10965175.0
	101
ERR160188_2	22786782.0
	24	26	28	30	32	34	36	38	40	42	44	46	48	50	52	54	56	58	60	62	64	66	68	70	72	74	76	78	80	82	84	86	88	90	92	94	96
ERR160188_2_val_2	15786.0	31969.0	33418.0	33090.0	32683.0	32634.0	32393.0	34465.0	36518.0	38656.0	40155.0	47095.0	47975.0	41848.0	39822.0	41425.0	47840.0	52768.0	55597.0	58607.0	60640.0	65355.0	70733.0	80145.0	86524.0	93471.0	101015.0	105935.0	122217.0	147253.0	179209.0	206234.0	249366.0	358355.0	941334.0	6214020.0	11171768.0
	101
ERR160189_1	22673227.0
	24	26	28	30	32	34	36	38	40	42	44	46	48	50	52	54	56	58	60	62	64	66	68	70	72	74	76	78	80	82	84	86	88	90	92	94	96
ERR160189_1_val_1	15109.0	30557.0	29425.0	29753.0	29292.0	30426.0	32649.0	35376.0	35095.0	37227.0	41294.0	43889.0	43572.0	44298.0	51162.0	61757.0	75595.0	40254.0	43164.0	48209.0	53391.0	55758.0	58346.0	55942.0	60913.0	71121.0	73350.0	80259.0	89238.0	98731.0	118552.0	144987.0	171713.0	255131.0	944815.0	6750323.0	11339833.0
	101
ERR160189_2	22673227.0
	24	26	28	30	32	34	36	38	40	42	44	46	48	50	52	54	56	58	60	62	64	66	68	70	72	74	76	78	80	82	84	86	88	90	92	94	96
ERR160189_2_val_2	14576.0	29688.0	31180.0	30990.0	31231.0	31273.0	31008.0	33064.0	34527.0	37384.0	38473.0	45487.0	45958.0	39688.0	36978.0	39020.0	44232.0	49282.0	52001.0	54129.0	55658.0	59662.0	64809.0	73668.0	78522.0	85223.0	91768.0	95933.0	109811.0	135099.0	164679.0	190818.0	233249.0	338927.0	941152.0	6370726.0	11380633.0
	101
ERR160190_1	28489923.0
	24	26	28	30	32	34	36	38	40	42	44	46	48	50	52	54	56	58	60	62	64	66	68	70	72	74	76	78	80	82	84	86	88	90	92	94	96
ERR160190_1_val_1	22655.0	44389.0	42551.0	43810.0	41963.0	44349.0	47674.0	50263.0	50622.0	53417.0	58410.0	62215.0	61231.0	61839.0	71647.0	86027.0	102775.0	57006.0	60773.0	67423.0	73209.0	78087.0	80811.0	77399.0	86439.0	100147.0	103766.0	113849.0	125660.0	139665.0	166332.0	201270.0	236831.0	344471.0	1204869.0	8151262.0	13420232.0
	101
ERR160190_2	28489923.0
	24	26	28	30	32	34	36	38	40	42	44	46	48	50	52	54	56	58	60	62	64	66	68	70	72	74	76	78	80	82	84	86	88	90	92	94	96
ERR160190_2_val_2	18711.0	38086.0	40137.0	39691.0	40083.0	39910.0	39764.0	42701.0	44632.0	47873.0	49216.0	57593.0	58694.0	51236.0	48535.0	50580.0	58046.0	64366.0	68037.0	71354.0	73370.0	78780.0	85268.0	96533.0	104354.0	112923.0	122124.0	128162.0	147207.0	178851.0	216399.0	250794.0	302950.0	436688.0	1150159.0	7552785.0	13828746.0
	101
ERR160191_1	27670533.0
	24	26	28	30	32	34	36	38	40	42	44	46	48	50	52	54	56	58	60	62	64	66	68	70	72	74	76	78	80	82	84	86	88	90	92	94	96
ERR160191_1_val_1	19543.0	39859.0	38162.0	38828.0	37425.0	39130.0	42182.0	44781.0	44585.0	47610.0	52020.0	56036.0	55127.0	56162.0	64878.0	78402.0	94432.0	51303.0	55820.0	61569.0	67639.0	71176.0	75937.0	72202.0	79696.0	92362.0	95698.0	105023.0	116576.0	129414.0	153696.0	187559.0	220276.0	323851.0	1172122.0	8195790.0	13475584.0
	101
ERR160191_2	27670533.0
	24	26	28	30	32	34	36	38	40	42	44	46	48	50	52	54	56	58	60	62	64	66	68	70	72	74	76	78	80	82	84	86	88	90	92	94	96
ERR160191_2_val_2	17953.0	37367.0	39674.0	39156.0	38860.0	39081.0	39029.0	41790.0	43868.0	46600.0	48511.0	56551.0	57733.0	50075.0	47626.0	49550.0	56037.0	62290.0	66032.0	69305.0	70544.0	75501.0	82527.0	92621.0	100853.0	108582.0	117973.0	122932.0	141648.0	171545.0	208128.0	242135.0	291606.0	422194.0	1135170.0	7615583.0	13705825.0
	101
ERR160192_1	27363706.0
	24	26	28	30	32	34	36	38	40	42	44	46	48	50	52	54	56	58	60	62	64	66	68	70	72	74	76	78	80	82	84	86	88	90	92	94	96
ERR160192_1_val_1	18782.0	37741.0	36004.0	36997.0	35970.0	37806.0	40432.0	43595.0	42869.0	45789.0	50217.0	54164.0	53739.0	54296.0	62558.0	75833.0	91647.0	48369.0	52103.0	57761.0	64057.0	67835.0	70582.0	67849.0	74304.0	86688.0	88841.0	97968.0	108387.0	119969.0	143915.0	176495.0	211060.0	313768.0	1149462.0	8075494.0	13560956.0
	101
ERR160192_2	27363706.0
	24	26	28	30	32	34	36	38	40	42	44	46	48	50	52	54	56	58	60	62	64	66	68	70	72	74	76	78	80	82	84	86	88	90	92	94	96
ERR160192_2_val_2	18586.0	37927.0	40071.0	39499.0	39945.0	39838.0	39203.0	42348.0	44401.0	47309.0	48957.0	57208.0	58546.0	49895.0	47198.0	49182.0	55892.0	61941.0	64840.0	68056.0	69357.0	73795.0	80255.0	90711.0	98376.0	105495.0	113663.0	118513.0	135906.0	166416.0	202474.0	234586.0	286335.0	419667.0	1128282.0	7542813.0	13636816.0
	101
ERR160193_1	16928157.0
	24	26	28	30	32	34	36	38	40	42	44	46	48	50	52	54	56	58	60	62	64	66	68	70	72	74	76	78	80	82	84	86	88	90	92	94	96
ERR160193_1_val_1	15945.0	32183.0	30742.0	31418.0	30683.0	32341.0	34147.0	36622.0	36731.0	38787.0	41659.0	44663.0	44682.0	45368.0	51807.0	60359.0	70799.0	42654.0	45535.0	50027.0	53908.0	57004.0	59566.0	58057.0	63630.0	72976.0	75471.0	81900.0	89834.0	99130.0	115502.0	136595.0	158321.0	221031.0	700816.0	4552486.0	7378465.0
	101
ERR160193_2	16928157.0
	24	26	28	30	32	34	36	38	40	42	44	46	48	50	52	54	56	58	60	62	64	66	68	70	72	74	76	78	80	82	84	86	88	90	92	94	96
ERR160193_2_val_2	12376.0	25494.0	27023.0	26850.0	27040.0	27271.0	27312.0	28967.0	30359.0	32930.0	33903.0	39460.0	40841.0	36185.0	35148.0	36678.0	41806.0	45651.0	48922.0	51268.0	52138.0	56537.0	61478.0	68395.0	74038.0	79654.0	85801.0	89691.0	101312.0	120931.0	144266.0	165400.0	194799.0	272978.0	671095.0	4215163.0	7662684.0
	101
ERR160194_1	29272515.0
	24	26	28	30	32	34	36	38	40	42	44	46	48	50	52	54	56	58	60	62	64	66	68	70	72	74	76	78	80	82	84	86	88	90	92	94	96
ERR160194_1_val_1	22078.0	45543.0	46723.0	47420.0	47900.0	47488.0	47877.0	51927.0	54001.0	57078.0	56890.0	58254.0	60881.0	64560.0	67743.0	71861.0	73581.0	77510.0	82560.0	86422.0	89985.0	90343.0	87602.0	79587.0	87647.0	101188.0	112264.0	116850.0	133016.0	151218.0	174837.0	216552.0	265375.0	381394.0	1226320.0	8563227.0	14155559.0
	101
ERR160194_2	29272515.0
	24	26	28	30	32	34	36	38	40	42	44	46	48	50	52	54	56	58	60	62	64	66	68	70	72	74	76	78	80	82	84	86	88	90	92	94	96
ERR160194_2_val_2	20888.0	42066.0	45694.0	46214.0	47067.0	46798.0	45503.0	49305.0	53318.0	58815.0	58899.0	64786.0	66298.0	57708.0	56709.0	59780.0	66011.0	72017.0	74199.0	78707.0	82821.0	87118.0	95054.0	104172.0	113176.0	122692.0	131003.0	146645.0	174606.0	201228.0	221544.0	252948.0	331473.0	471982.0	1235643.0	8022680.0	14295694.0
	101
ERR160195_1	19793219.0
	24	26	28	30	32	34	36	38	40	42	44	46	48	50	52	54	56	58	60	62	64	66	68	70	72	74	76	78	80	82	84	86	88	90	92	94	96
ERR160195_1_val_1	15539.0	31339.0	32053.0	32238.0	32155.0	32299.0	32588.0	34540.0	36542.0	37878.0	38465.0	39593.0	40972.0	43473.0	46037.0	48540.0	50063.0	52480.0	55606.0	57843.0	61540.0	62048.0	60050.0	55240.0	60941.0	71435.0	78631.0	82585.0	94092.0	106664.0	124105.0	151690.0	186654.0	263300.0	821095.0	5717311.0	9410315.0
	101
ERR160195_2	19793219.0
	24	26	28	30	32	34	36	38	40	42	44	46	48	50	52	54	56	58	60	62	64	66	68	70	72	74	76	78	80	82	84	86	88	90	92	94	96
ERR160195_2_val_2	15480.0	31101.0	33397.0	33604.0	34158.0	34050.0	32933.0	35154.0	38017.0	41554.0	42264.0	46849.0	47078.0	41138.0	41029.0	43202.0	47429.0	52042.0	53178.0	56632.0	60224.0	63256.0	68014.0	74744.0	81228.0	88601.0	94824.0	106147.0	125705.0	145382.0	159125.0	182064.0	236155.0	332575.0	838385.0	5358749.0	9382472.0
	101
ERR160196_1	18753713.0
	24	26	28	30	32	34	36	38	40	42	44	46	48	50	52	54	56	58	60	62	64	66	68	70	72	74	76	78	80	82	84	86	88	90	92	94	96
ERR160196_1_val_1	14969.0	29667.0	30583.0	30638.0	30296.0	30349.0	30570.0	32334.0	33983.0	35592.0	35962.0	36689.0	38593.0	40126.0	42582.0	45521.0	45762.0	48140.0	50959.0	53356.0	56186.0	56214.0	54995.0	50219.0	55874.0	64385.0	71539.0	75045.0	85372.0	97322.0	113216.0	138939.0	172143.0	242553.0	768197.0	5407397.0	8935505.0
	101
ERR160196_2	18753713.0
	24	26	28	30	32	34	36	38	40	42	44	46	48	50	52	54	56	58	60	62	64	66	68	70	72	74	76	78	80	82	84	86	88	90	92	94	96
ERR160196_2_val_2	13724.0	28082.0	29968.0	30043.0	30934.0	30552.0	29703.0	31683.0	34193.0	37282.0	37908.0	41351.0	42157.0	36912.0	36281.0	38258.0	42234.0	46214.0	47219.0	50500.0	53444.0	55863.0	61609.0	66662.0	72731.0	79200.0	85223.0	95304.0	112860.0	130789.0	144047.0	164530.0	216897.0	305348.0	793149.0	5132175.0	8896743.0
	101
ERR166338_1	78849364.0
	24	26	28	30	32	34	36	38	40	42	44	46	48	50	52	54	56	58	60	62	64	66	68	70	72	74	76	78	80	82	84	86	88	90	92	94	96
ERR166338_1_val_1	49619.0	102287.0	104375.0	102231.0	113688.0	132443.0	129792.0	125322.0	126088.0	126372.0	131607.0	136387.0	139102.0	143053.0	147577.0	153299.0	157467.0	162800.0	170763.0	175642.0	183214.0	192899.0	210845.0	157028.0	153404.0	203399.0	226448.0	265779.0	314359.0	361528.0	427508.0	523260.0	656634.0	935153.0	3130350.0	23912962.0	39519422.0
	101
ERR166338_2	78849364.0
	24	26	28	30	32	34	36	38	40	42	44	46	48	50	52	54	56	58	60	62	64	66	68	70	72	74	76	78	80	82	84	86	88	90	92	94	96
ERR166338_2_val_2	72140.0	137873.0	133618.0	132830.0	126177.0	135242.0	155955.0	175826.0	176250.0	169118.0	152062.0	124389.0	143205.0	159558.0	173580.0	194461.0	218902.0	237357.0	241694.0	237636.0	244403.0	259074.0	283181.0	303544.0	343209.0	389747.0	438373.0	488212.0	531125.0	608860.0	747739.0	1003110.0	1629448.0	3571201.0	9027564.0	21444416.0	29393027.0
	101
ERR166339_1	70770521.0
	24	26	28	30	32	34	36	38	40	42	44	46	48	50	52	54	56	58	60	62	64	66	68	70	72	74	76	78	80	82	84	86	88	90	92	94	96
ERR166339_1_val_1	45435.0	92140.0	89826.0	86863.0	91261.0	95719.0	101981.0	107968.0	115997.0	121361.0	123980.0	130740.0	138112.0	152463.0	165729.0	148105.0	154023.0	160195.0	167374.0	176292.0	191457.0	210021.0	222392.0	171796.0	171825.0	218226.0	247977.0	282733.0	321155.0	366882.0	437693.0	537940.0	685212.0	966219.0	2940339.0	20825147.0	33945216.0
	101
ERR166339_2	70770521.0
	24	26	28	30	32	34	36	38	40	42	44	46	48	50	52	54	56	58	60	62	64	66	68	70	72	74	76	78	80	82	84	86	88	90	92	94	96
ERR166339_2_val_2	82056.0	165279.0	169113.0	169204.0	172973.0	179930.0	192860.0	200692.0	212771.0	219535.0	215852.0	165491.0	195214.0	217275.0	236907.0	261201.0	268895.0	273845.0	281580.0	293899.0	306769.0	323507.0	338820.0	361192.0	382843.0	412826.0	442777.0	486120.0	540853.0	608613.0	715597.0	865233.0	1105564.0	1511819.0	3278967.0	19103722.0	30248000.0

